radius:25.0
size:40^40
path:ca_nv_elevation_grid.txt
+data:
0.0,3,40,60	0.0,3,40,60	526.0,4,35,57	571.0,4,35,57	1570.0,5,25,50	1227.0,5,28,52	1423.0,5,26,51	1183.0,5,29,53	860.0,4,32,55	852.0,4,32,55	1454.0,5,26,51	1243.0,5,28,52	1233.0,5,28,52	1289.0,5,28,52	1647.0,5,24,50	1615.0,5,24,50	1434.0,5,26,51	2190.0,5,19,46	1871.0,5,22,48	1802.0,5,22,48	1842.0,5,22,48	1709.0,5,23,49	1453.0,5,26,51	1277.0,5,28,52	1716.0,5,23,49	1618.0,5,24,50	1424.0,5,26,51	1758.0,5,23,49	1877.0,5,22,48	1627.0,5,24,50	1597.0,5,25,50	1593.0,5,25,50	1744.0,5,23,49	2200.0,5,18,46	1968.0,5,21,47	1794.0,5,23,49	1812.0,5,22,48	2147.0,5,19,46	1732.0,5,23,49	1757.0,5,23,49
0.0,3,40,60	0.0,3,40,60	266.0,3,38,59	939.0,4,31,54	1077.0,5,30,53	1017.0,5,30,54	1200.0,5,28,52	1199.0,5,29,53	822.0,4,32,55	1550.0,5,25,50	1353.0,5,27,51	1403.0,5,26,51	1274.0,5,28,52	1563.0,5,25,50	1506.0,5,25,50	1528.0,5,25,50	1441.0,5,26,51	1355.0,5,27,51	1873.0,5,22,48	1892.0,5,22,48	1824.0,5,22,48	1636.0,5,24,50	1350.0,5,27,51	1560.0,5,25,50	1917.0,5,21,48	1925.0,5,21,48	1297.0,5,28,52	1957.0,5,21,47	1858.0,5,22,48	1725.0,5,23,49	1624.0,5,24,50	1524.0,5,25,50	1595.0,5,25,50	1969.0,5,21,47	1969.0,5,21,47	2447.0,5,16,44	2521.0,5,15,44	1747.0,5,23,49	1632.0,5,24,50	2075.0,5,20,47
0.0,3,40,60	0.0,3,40,60	60.0,3,40,60	1346.0,5,27,52	1013.0,5,30,54	1495.0,5,26,51	1226.0,5,28,52	1341.0,5,27,52	811.0,4,32,55	1559.0,5,25,50	2048.0,5,20,47	1687.0,5,24,49	1390.0,5,27,51	1424.0,5,26,51	1380.0,5,27,51	1508.0,5,25,50	1479.0,5,26,51	1374.0,5,27,51	1977.0,5,21,47	2059.0,5,20,47	1690.0,5,24,49	1968.0,5,21,47	1798.0,5,23,49	1431.0,5,26,51	1255.0,5,28,52	1259.0,5,28,52	1289.0,5,28,52	1459.0,5,26,51	1772.0,5,23,49	1629.0,5,24,50	1662.0,5,24,49	1681.0,5,24,49	1829.0,5,22,48	2214.0,5,18,46	2047.0,5,20,47	1990.0,5,21,47	1817.0,5,22,48	2307.0,5,17,45	1819.0,5,22,48	1672.0,5,24,49
0.0,3,40,60	0.0,3,40,60	708.0,4,33,56	1042.0,5,30,54	1130.0,5,29,53	1460.0,5,26,51	1811.0,5,22,48	1715.0,5,23,49	1710.0,5,23,49	1260.0,5,28,52	1127.0,5,29,53	1256.0,5,28,52	1423.0,5,26,51	1301.0,5,27,52	1406.0,5,26,51	1584.0,5,25,50	1594.0,5,25,50	1874.0,5,22,48	2049.0,5,20,47	1796.0,5,23,49	1727.0,5,23,49	1484.0,5,26,51	1259.0,5,28,52	1215.0,5,28,52	1538.0,5,25,50	1281.0,5,28,52	1332.0,5,27,52	1323.0,5,27,52	1415.0,5,26,51	1617.0,5,24,50	2010.0,5,20,47	1796.0,5,23,49	1973.0,5,21,47	2075.0,5,20,47	1796.0,5,23,49	1713.0,5,23,49	1729.0,5,23,49	1762.0,5,23,49	2049.0,5,20,47	1782.0,5,23,49
0.0,3,40,60	0.0,3,40,60	279.0,3,38,59	560.0,4,35,57	1230.0,5,28,52	1225.0,5,28,52	2512.0,5,15,44	987.0,4,31,54	1125.0,5,29,53	1001.0,5,30,54	511.0,4,35,57	909.0,4,31,54	1014.0,5,30,54	1336.0,5,27,52	1637.0,5,24,50	1621.0,5,24,50	1857.0,5,22,48	1889.0,5,22,48	1435.0,5,26,51	1694.0,5,24,49	1553.0,5,25,50	1191.0,5,29,53	1199.0,5,29,53	1671.0,5,24,49	1326.0,5,27,52	1419.0,5,26,51	1522.0,5,25,50	1314.0,5,27,52	1332.0,5,27,52	1380.0,5,27,51	1695.0,5,24,49	1609.0,5,24,50	2194.0,5,19,46	2098.0,5,20,47	2080.0,5,20,47	1603.0,5,24,50	1642.0,5,24,50	2061.0,5,20,47	1745.0,5,23,49	1817.0,5,22,48
0.0,3,40,60	0.0,3,40,60	363.0,3,37,58	751.0,4,33,55	889.0,4,32,55	750.0,4,33,55	1339.0,5,27,52	1254.0,5,28,52	963.0,4,31,54	326.0,3,37,58	738.0,4,33,56	1411.0,5,26,51	1281.0,5,28,52	2015.0,5,20,47	1918.0,5,21,48	1901.0,5,21,48	1752.0,5,23,49	1915.0,5,21,48	1674.0,5,24,49	1784.0,5,23,49	1436.0,5,26,51	1193.0,5,29,53	1290.0,5,28,52	1526.0,5,25,50	1298.0,5,28,52	1307.0,5,27,52	1404.0,5,26,51	2120.0,5,19,46	1806.0,5,22,48	1359.0,5,27,51	1895.0,5,22,48	1414.0,5,26,51	1851.0,5,22,48	1658.0,5,24,49	1683.0,5,24,49	1698.0,5,24,49	2757.0,5,13,42	1716.0,5,23,49	1705.0,5,23,49	1705.0,5,23,49
0.0,3,40,60	172.0,3,39,59	446.0,3,36,58	668.0,4,34,56	1028.0,5,30,54	723.0,4,33,56	1174.0,5,29,53	921.0,4,31,54	221.0,3,38,59	186.0,3,39,59	675.0,4,34,56	1343.0,5,27,52	2064.0,5,20,47	1970.0,5,21,47	1846.0,5,22,48	1504.0,5,25,50	1430.0,5,26,51	1465.0,5,26,51	1514.0,5,25,50	1176.0,5,29,53	1235.0,5,28,52	1508.0,5,25,50	1690.0,5,24,49	1528.0,5,25,50	1291.0,5,28,52	1489.0,5,26,51	1742.0,5,23,49	1538.0,5,25,50	1442.0,5,26,51	1489.0,5,26,51	1405.0,5,26,51	1563.0,5,25,50	1636.0,5,24,50	2238.0,5,18,46	1816.0,5,22,48	2186.0,5,19,46	1820.0,5,22,48	2079.0,5,20,47	2431.0,5,16,44	1711.0,5,23,49
0.0,3,40,60	151.0,3,39,59	706.0,4,33,56	59.0,3,40,60	1157.0,5,29,53	1114.0,5,29,53	1285.0,5,28,52	322.0,3,37,58	207.0,3,38,59	130.0,3,39,60	526.0,4,35,57	1528.0,5,25,50	1452.0,5,26,51	1370.0,5,27,51	1606.0,5,24,50	2202.0,5,18,46	1220.0,5,28,52	1256.0,5,28,52	1394.0,5,27,51	1280.0,5,28,52	1277.0,5,28,52	1456.0,5,26,51	1229.0,5,28,52	1763.0,5,23,49	1273.0,5,28,52	1570.0,5,25,50	1803.0,5,22,48	1959.0,5,21,47	1703.0,5,23,49	1553.0,5,25,50	1982.0,5,21,47	1447.0,5,26,51	1932.0,5,21,48	1867.0,5,22,48	1684.0,5,24,49	2194.0,5,19,46	2015.0,5,20,47	1850.0,5,22,48	1770.0,5,23,49	2084.0,5,20,47
0.0,3,40,60	0.0,3,40,60	327.0,3,37,58	365.0,3,37,58	601.0,4,34,56	1114.0,5,29,53	2010.0,5,20,47	1284.0,5,28,52	212.0,3,38,59	83.0,3,40,60	327.0,3,37,58	1131.0,5,29,53	1809.0,5,22,48	1535.0,5,25,50	1856.0,5,22,48	1528.0,5,25,50	1929.0,5,21,48	1282.0,5,28,52	1690.0,5,24,49	1165.0,5,29,53	1160.0,5,29,53	1751.0,5,23,49	1302.0,5,27,52	1192.0,5,29,53	1524.0,5,25,50	1274.0,5,28,52	2222.0,5,18,46	1318.0,5,27,52	1505.0,5,25,50	1923.0,5,21,48	1997.0,5,21,47	1769.0,5,23,49	1772.0,5,23,49	1899.0,5,22,48	1821.0,5,22,48	1853.0,5,22,48	2155.0,5,19,46	1909.0,5,21,48	1802.0,5,22,48	2051.0,5,20,47
0.0,3,40,60	0.0,3,40,60	0.0,3,40,60	521.0,4,35,57	1162.0,5,29,53	420.0,3,36,58	1137.0,5,29,53	1526.0,5,25,50	175.0,3,39,59	80.0,3,40,60	49.0,3,40,60	442.0,3,36,58	696.0,4,34,56	1681.0,5,24,49	1826.0,5,22,48	1359.0,5,27,51	1537.0,5,25,50	1563.0,5,25,50	1658.0,5,24,49	1315.0,5,27,52	1221.0,5,28,52	1723.0,5,23,49	1226.0,5,28,52	1178.0,5,29,53	1180.0,5,29,53	1461.0,5,26,51	1159.0,5,29,53	2101.0,5,19,46	1737.0,5,23,49	1868.0,5,22,48	2183.0,5,19,46	2344.0,5,17,45	2282.0,5,18,45	1783.0,5,23,49	2270.0,5,18,45	2108.0,5,19,46	2064.0,5,20,47	2326.0,5,17,45	1837.0,5,22,48	2125.0,5,19,46
0.0,3,40,60	0.0,3,40,60	0.0,3,40,60	233.0,3,38,59	691.0,4,34,56	952.0,4,31,54	1582.0,5,25,50	1480.0,5,26,51	214.0,3,38,59	41.0,3,40,60	35.0,3,40,60	42.0,3,40,60	485.0,3,36,57	1072.0,5,30,53	1551.0,5,25,50	1300.0,5,27,52	1691.0,5,24,49	1983.0,5,21,47	1810.0,5,22,48	1563.0,5,25,50	1773.0,5,23,49	1326.0,5,27,52	1215.0,5,28,52	1192.0,5,29,53	1679.0,5,24,49	1158.0,5,29,53	1866.0,5,22,48	1722.0,5,23,49	1972.0,5,21,47	2328.0,5,17,45	2244.0,5,18,46	1906.0,5,21,48	1853.0,5,22,48	1831.0,5,22,48	1923.0,5,21,48	2093.0,5,20,47	2100.0,5,19,46	1940.0,5,21,48	1893.0,5,22,48	1746.0,5,23,49
0.0,3,40,60	0.0,3,40,60	0.0,3,40,60	220.0,3,38,59	278.0,3,38,59	273.0,3,38,59	1045.0,5,30,54	1290.0,5,28,52	540.0,4,35,57	28.0,3,40,60	16.0,3,40,60	26.0,3,40,60	123.0,3,39,60	664.0,4,34,56	1077.0,5,30,53	1467.0,5,26,51	2150.0,5,19,46	1798.0,5,23,49	2784.0,5,13,42	1771.0,5,23,49	1307.0,5,27,52	1274.0,5,28,52	1210.0,5,28,52	1305.0,5,27,52	1449.0,5,26,51	1407.0,5,26,51	1799.0,5,23,49	1881.0,5,22,48	1796.0,5,23,49	2500.0,5,15,44	1833.0,5,22,48	2295.0,5,18,45	1934.0,5,21,48	1900.0,5,21,48	1907.0,5,21,48	2111.0,5,19,46	1936.0,5,21,48	2110.0,5,19,46	2669.0,5,14,43	1804.0,5,22,48
0.0,3,40,60	0.0,3,40,60	0.0,3,40,60	0.0,3,40,60	99.0,3,40,60	346.0,3,37,58	451.0,3,36,57	507.0,4,35,57	695.0,4,34,56	67.0,3,40,60	10.0,3,40,60	13.0,3,40,60	27.0,3,40,60	421.0,3,36,58	780.0,4,33,55	1084.0,5,30,53	1386.0,5,27,51	1898.0,5,22,48	2444.0,5,16,44	1814.0,5,22,48	1778.0,5,23,49	1323.0,5,27,52	1338.0,5,27,52	1294.0,5,28,52	1903.0,5,21,48	1736.0,5,23,49	1660.0,5,24,49	2446.0,5,16,44	2439.0,5,16,44	1674.0,5,24,49	2753.0,5,13,42	2172.0,5,19,46	2618.0,5,14,43	1928.0,5,21,48	1880.0,5,22,48	2073.0,5,20,47	2202.0,5,18,46	1932.0,5,21,48	2044.0,5,20,47	1776.0,5,23,49
0.0,3,40,60	0.0,3,40,60	0.0,3,40,60	0.0,3,40,60	144.0,3,39,60	441.0,3,36,58	517.0,4,35,57	1018.0,5,30,54	572.0,4,35,57	110.0,3,39,60	17.0,3,40,60	3.0,3,40,60	25.0,3,40,60	136.0,3,39,60	417.0,3,36,58	1017.0,5,30,54	1618.0,5,24,50	2549.0,5,15,44	2616.0,5,14,43	1834.0,5,22,48	1461.0,5,26,51	1424.0,5,26,51	2015.0,5,20,47	1770.0,5,23,49	1304.0,5,27,52	1343.0,5,27,52	2340.0,5,17,45	2238.0,5,18,46	2776.0,5,13,42	1773.0,5,23,49	2101.0,5,19,46	2656.0,5,14,43	2528.0,5,15,44	1970.0,5,21,47	1960.0,5,21,47	1719.0,5,23,49	2020.0,5,20,47	1716.0,5,23,49	2264.0,5,18,45	1762.0,5,23,49
0.0,3,40,60	0.0,3,40,60	0.0,3,40,60	0.0,3,40,60	0.0,3,40,60	301.0,3,37,58	183.0,3,39,59	346.0,3,37,58	566.0,4,35,57	217.0,3,38,59	36.0,3,40,60	6.0,3,40,60	11.0,3,40,60	90.0,3,40,60	219.0,3,38,59	768.0,4,33,55	1631.0,5,24,50	2335.0,5,17,45	2376.0,5,17,45	2177.0,5,19,46	2280.0,5,18,45	2386.0,5,17,45	2315.0,5,17,45	1260.0,5,28,52	1555.0,5,25,50	1994.0,5,21,47	2053.0,5,20,47	1923.0,5,21,48	1921.0,5,21,48	2277.0,5,18,45	2136.0,5,19,46	2372.0,5,17,45	2321.0,5,17,45	1795.0,5,23,49	1584.0,5,25,50	1450.0,5,26,51	1873.0,5,22,48	1758.0,5,23,49	2121.0,5,19,46	1949.0,5,21,48
0.0,3,40,60	0.0,3,40,60	0.0,3,40,60	0.0,3,40,60	0.0,3,40,60	0.0,3,40,60	37.0,3,40,60	31.0,3,40,60	403.0,3,36,58	326.0,3,37,58	30.0,3,40,60	2.0,3,40,60	7.0,3,40,60	28.0,3,40,60	173.0,3,39,59	640.0,4,34,56	1154.0,5,29,53	2055.0,5,20,47	2068.0,5,20,47	3300.0,5,7,38	2400.0,5,16,44	2551.0,5,15,43	1966.0,5,21,47	2048.0,5,20,47	1895.0,5,22,48	1395.0,5,27,51	1634.0,5,24,50	1653.0,5,24,49	1717.0,5,23,49	1828.0,5,22,48	2629.0,5,14,43	1874.0,5,22,48	1611.0,5,24,50	1783.0,5,23,49	1456.0,5,26,51	2692.0,5,14,43	1623.0,5,24,50	1946.0,5,21,48	1777.0,5,23,49	1855.0,5,22,48
0.0,3,40,60	0.0,3,40,60	0.0,3,40,60	0.0,3,40,60	0.0,3,40,60	0.0,3,40,60	15.0,3,40,60	295.0,3,38,59	0.0,3,40,60	91.0,3,40,60	-2.0,3,40,60	-3.0,3,40,60	-2.0,3,40,60	22.0,3,40,60	68.0,3,40,60	311.0,3,37,58	559.0,4,35,57	1520.0,5,25,50	2013.0,5,20,47	2544.0,5,15,44	3000.0,5,10,40	2510.0,5,15,44	2043.0,5,20,47	1891.0,5,22,48	1922.0,5,21,48	1541.0,5,25,50	2025.0,5,20,47	1454.0,5,26,51	1625.0,5,24,50	1674.0,5,24,49	1778.0,5,23,49	1786.0,5,23,49	1672.0,5,24,49	1519.0,5,25,50	2332.0,5,17,45	1720.0,5,23,49	1545.0,5,25,50	1532.0,5,25,50	1594.0,5,25,50	1776.0,5,23,49
0.0,3,40,60	0.0,3,40,60	0.0,3,40,60	0.0,3,40,60	0.0,3,40,60	0.0,3,40,60	0.0,3,40,60	0.0,3,40,60	0.0,3,40,60	373.0,3,37,58	550.0,4,35,57	71.0,3,40,60	-3.0,3,40,60	13.0,3,40,60	48.0,3,40,60	136.0,3,39,60	246.0,3,38,59	984.0,4,31,54	1475.0,5,26,51	2514.0,5,15,44	2859.0,5,12,41	2269.0,5,18,45	2592.0,5,15,43	2042.0,5,20,47	3424.0,5,6,38	1503.0,5,25,50	2170.0,5,19,46	1481.0,5,26,51	1487.0,5,26,51	1584.0,5,25,50	1623.0,5,24,50	1850.0,5,22,48	1945.0,5,21,48	1573.0,5,25,50	1549.0,5,25,50	1769.0,5,23,49	1508.0,5,25,50	1438.0,5,26,51	1411.0,5,26,51	1704.0,5,23,49
0.0,3,40,60	0.0,3,40,60	0.0,3,40,60	0.0,3,40,60	0.0,3,40,60	0.0,3,40,60	0.0,3,40,60	0.0,3,40,60	182.0,3,39,59	0.0,3,40,60	249.0,3,38,59	305.0,3,37,58	234.0,3,38,59	10.0,3,40,60	17.0,3,40,60	75.0,3,40,60	189.0,3,39,59	328.0,3,37,58	1220.0,5,28,52	2014.0,5,20,47	3208.0,5,8,39	2439.0,5,16,44	2302.0,5,17,45	2209.0,5,18,46	1805.0,5,22,48	1794.0,5,23,49	2224.0,5,18,46	1481.0,5,26,51	1696.0,5,24,49	1454.0,5,26,51	1760.0,5,23,49	1767.0,5,23,49	1884.0,5,22,48	1784.0,5,23,49	1500.0,5,25,50	1935.0,5,21,48	1337.0,5,27,52	1509.0,5,25,50	1713.0,5,23,49	1420.0,5,26,51
0.0,3,40,60	0.0,3,40,60	0.0,3,40,60	0.0,3,40,60	0.0,3,40,60	0.0,3,40,60	0.0,3,40,60	0.0,3,40,60	0.0,3,40,60	209.0,3,38,59	9.0,3,40,60	717.0,4,33,56	900.0,4,31,54	116.0,3,39,60	26.0,3,40,60	50.0,3,40,60	91.0,3,40,60	226.0,3,38,59	481.0,3,36,57	900.0,4,31,54	1381.0,5,27,51	2024.0,5,20,47	3367.0,5,7,38	1682.0,5,24,49	1244.0,5,28,52	2221.0,5,18,46	1552.0,5,25,50	2018.0,5,20,47	1602.0,5,24,50	1325.0,5,27,52	1628.0,5,24,50	1631.0,5,24,50	2057.0,5,20,47	1714.0,5,23,49	1778.0,5,23,49	1353.0,5,27,51	1565.0,5,25,50	1400.0,5,26,51	1865.0,5,22,48	1497.0,5,26,51
0.0,3,40,60	0.0,3,40,60	0.0,3,40,60	0.0,3,40,60	0.0,3,40,60	0.0,3,40,60	0.0,3,40,60	0.0,3,40,60	0.0,3,40,60	680.0,4,34,56	418.0,3,36,58	195.0,3,39,59	730.0,4,33,56	455.0,3,36,57	28.0,3,40,60	29.0,3,40,60	56.0,3,40,60	101.0,3,39,60	158.0,3,39,59	492.0,3,36,57	943.0,4,31,54	2574.0,5,15,43	2838.0,5,12,42	3600.0,5,4,36	1723.0,5,23,49	2121.0,5,19,46	1330.0,5,27,52	1220.0,5,28,52	1597.0,5,25,50	1319.0,5,27,52	1229.0,5,28,52	1574.0,5,25,50	1592.0,5,25,50	1288.0,5,28,52	1442.0,5,26,51	1700.0,5,23,49	1314.0,5,27,52	887.0,4,32,55	980.0,4,31,54	895.0,4,32,55
0.0,3,40,60	0.0,3,40,60	0.0,3,40,60	0.0,3,40,60	0.0,3,40,60	0.0,3,40,60	0.0,3,40,60	0.0,3,40,60	0.0,3,40,60	0.0,3,40,60	0.0,3,40,60	17.0,3,40,60	73.0,3,40,60	1048.0,5,30,54	224.0,3,38,59	50.0,3,40,60	42.0,3,40,60	70.0,3,40,60	100.0,3,39,60	135.0,3,39,60	403.0,3,36,58	606.0,4,34,56	2327.0,5,17,45	3276.0,5,8,39	3081.0,5,10,40	1850.0,5,22,48	671.0,4,34,56	2194.0,5,19,46	395.0,3,37,58	1529.0,5,25,50	1027.0,5,30,54	1257.0,5,28,52	1378.0,5,27,51	1100.0,5,29,53	1562.0,5,25,50	1311.0,5,27,52	1548.0,5,25,50	974.0,4,31,54	1034.0,5,30,54	1150.0,5,29,53
0.0,3,40,60	0.0,3,40,60	0.0,3,40,60	0.0,3,40,60	0.0,3,40,60	0.0,3,40,60	0.0,3,40,60	0.0,3,40,60	0.0,3,40,60	0.0,3,40,60	0.0,3,40,60	12.0,3,40,60	580.0,4,35,57	476.0,3,36,57	468.0,3,36,57	167.0,3,39,59	60.0,3,40,60	54.0,3,40,60	79.0,3,40,60	102.0,3,39,60	121.0,3,39,60	539.0,4,35,57	1701.0,5,23,49	3246.0,5,8,39	3659.0,5,4,36	1135.0,5,29,53	1676.0,5,24,49	1164.0,5,29,53	536.0,4,35,57	-7.0,3,40,60	1007.0,5,30,54	750.0,4,33,55	1082.0,5,30,53	1028.0,5,30,54	1140.0,5,29,53	972.0,4,31,54	1929.0,5,21,48	1144.0,5,29,53	648.0,4,34,56	480.0,3,36,57
0.0,3,40,60	0.0,3,40,60	0.0,3,40,60	0.0,3,40,60	0.0,3,40,60	0.0,3,40,60	0.0,3,40,60	0.0,3,40,60	0.0,3,40,60	0.0,3,40,60	0.0,3,40,60	708.0,4,33,56	494.0,3,36,57	209.0,3,38,59	767.0,4,33,55	1262.0,5,28,52	194.0,3,39,59	74.0,3,40,60	63.0,3,40,60	81.0,3,40,60	94.0,3,40,60	129.0,3,39,60	704.0,4,33,56	3312.0,5,7,38	2902.0,5,11,41	2129.0,5,19,46	1228.0,5,28,52	1374.0,5,27,51	1393.0,5,27,51	1009.0,5,30,54	523.0,4,35,57	1033.0,5,30,54	689.0,4,34,56	1025.0,5,30,54	2537.0,5,15,44	1538.0,5,25,50	981.0,4,31,54	1168.0,5,29,53	746.0,4,33,56	725.0,4,33,56
0.0,3,40,60	0.0,3,40,60	0.0,3,40,60	0.0,3,40,60	0.0,3,40,60	0.0,3,40,60	0.0,3,40,60	0.0,3,40,60	0.0,3,40,60	0.0,3,40,60	0.0,3,40,60	0.0,3,40,60	1517.0,5,25,50	283.0,3,38,59	268.0,3,38,59	773.0,4,33,55	245.0,3,38,59	130.0,3,39,60	63.0,3,40,60	63.0,3,40,60	77.0,3,40,60	112.0,3,39,60	379.0,3,37,58	1697.0,5,24,49	1866.0,5,22,48	2466.0,5,16,44	1801.0,5,22,48	1506.0,5,25,50	394.0,3,37,58	2486.0,5,16,44	-80.0,3,40,60	1215.0,5,28,52	629.0,4,34,56	778.0,4,33,55	1400.0,5,26,51	1729.0,5,23,49	793.0,4,33,55	573.0,4,35,57	550.0,4,35,57	372.0,3,37,58
0.0,3,40,60	0.0,3,40,60	0.0,3,40,60	0.0,3,40,60	0.0,3,40,60	0.0,3,40,60	0.0,3,40,60	0.0,3,40,60	0.0,3,40,60	0.0,3,40,60	0.0,3,40,60	0.0,3,40,60	567.0,4,35,57	412.0,3,36,58	289.0,3,38,59	592.0,4,35,57	583.0,4,35,57	427.0,3,36,58	75.0,3,40,60	59.0,3,40,60	68.0,3,40,60	135.0,3,39,60	445.0,3,36,58	1569.0,5,25,50	2628.0,5,14,43	2298.0,5,18,45	961.0,4,31,54	1393.0,5,27,51	701.0,4,33,56	1120.0,5,29,53	228.0,3,38,59	420.0,3,36,58	490.0,3,36,57	903.0,4,31,54	872.0,4,32,55	1870.0,5,22,48	1012.0,5,30,54	788.0,4,33,55	721.0,4,33,56	556.0,4,35,57
0.0,3,40,60	0.0,3,40,60	0.0,3,40,60	0.0,3,40,60	0.0,3,40,60	0.0,3,40,60	0.0,3,40,60	0.0,3,40,60	0.0,3,40,60	0.0,3,40,60	0.0,3,40,60	0.0,3,40,60	0.0,3,40,60	230.0,3,38,59	333.0,3,37,58	236.0,3,38,59	354.0,3,37,58	400.0,3,36,58	178.0,3,39,59	71.0,3,40,60	91.0,3,40,60	189.0,3,39,59	558.0,4,35,57	1935.0,5,21,48	798.0,4,33,55	1949.0,5,21,48	749.0,4,33,56	709.0,4,33,56	496.0,3,36,57	661.0,4,34,56	837.0,4,32,55	169.0,3,39,59	141.0,3,39,60	726.0,4,33,56	1024.0,5,30,54	842.0,4,32,55	1165.0,5,29,53	838.0,4,32,55	539.0,4,35,57	834.0,4,32,55
0.0,3,40,60	0.0,3,40,60	0.0,3,40,60	0.0,3,40,60	0.0,3,40,60	0.0,3,40,60	0.0,3,40,60	0.0,3,40,60	0.0,3,40,60	0.0,3,40,60	0.0,3,40,60	0.0,3,40,60	0.0,3,40,60	0.0,3,40,60	0.0,3,40,60	388.0,3,37,58	698.0,4,34,56	564.0,4,35,57	695.0,4,34,56	112.0,3,39,60	91.0,3,40,60	123.0,3,39,60	214.0,3,38,59	1483.0,5,26,51	2283.0,5,18,45	1385.0,5,27,51	1105.0,5,29,53	1035.0,5,30,54	974.0,4,31,54	1232.0,5,28,52	957.0,4,31,54	1219.0,5,28,52	812.0,4,32,55	672.0,4,34,56	1227.0,5,28,52	1545.0,5,25,50	946.0,4,31,54	1100.0,5,29,53	508.0,4,35,57	843.0,4,32,55
0.0,3,40,60	0.0,3,40,60	0.0,3,40,60	0.0,3,40,60	0.0,3,40,60	0.0,3,40,60	0.0,3,40,60	0.0,3,40,60	0.0,3,40,60	0.0,3,40,60	0.0,3,40,60	0.0,3,40,60	0.0,3,40,60	0.0,3,40,60	0.0,3,40,60	47.0,3,40,60	290.0,3,38,59	567.0,4,35,57	637.0,4,34,56	757.0,4,33,55	116.0,3,39,60	90.0,3,40,60	116.0,3,39,60	1688.0,5,24,49	1355.0,5,27,51	788.0,4,33,55	815.0,4,32,55	855.0,4,32,55	911.0,4,31,54	1102.0,5,29,53	1042.0,5,30,54	631.0,4,34,56	610.0,4,34,56	293.0,3,38,59	985.0,4,31,54	1108.0,5,29,53	1466.0,5,26,51	1306.0,5,27,52	911.0,4,31,54	451.0,3,36,57
0.0,3,40,60	0.0,3,40,60	0.0,3,40,60	0.0,3,40,60	0.0,3,40,60	0.0,3,40,60	0.0,3,40,60	0.0,3,40,60	0.0,3,40,60	0.0,3,40,60	0.0,3,40,60	0.0,3,40,60	0.0,3,40,60	0.0,3,40,60	0.0,3,40,60	129.0,3,39,60	82.0,3,40,60	474.0,3,36,57	1192.0,5,29,53	684.0,4,34,56	1174.0,5,29,53	1192.0,5,29,53	395.0,3,37,58	1883.0,5,22,48	963.0,4,31,54	779.0,4,33,55	696.0,4,34,56	882.0,4,32,55	691.0,4,34,56	729.0,4,33,56	929.0,4,31,54	559.0,4,35,57	663.0,4,34,56	741.0,4,33,56	548.0,4,35,57	1820.0,5,22,48	884.0,4,32,55	766.0,4,33,55	558.0,4,35,57	296.0,3,38,59
0.0,3,40,60	0.0,3,40,60	0.0,3,40,60	0.0,3,40,60	0.0,3,40,60	0.0,3,40,60	0.0,3,40,60	0.0,3,40,60	0.0,3,40,60	0.0,3,40,60	0.0,3,40,60	0.0,3,40,60	0.0,3,40,60	0.0,3,40,60	0.0,3,40,60	0.0,3,40,60	135.0,3,39,60	286.0,3,38,59	1031.0,5,30,54	1784.0,5,23,49	1105.0,5,29,53	1722.0,5,23,49	1007.0,5,30,54	1361.0,5,27,51	796.0,4,33,55	731.0,4,33,56	797.0,4,33,55	990.0,4,31,54	834.0,4,32,55	1418.0,5,26,51	1618.0,5,24,50	1076.0,5,30,53	669.0,4,34,56	572.0,4,35,57	847.0,4,32,55	676.0,4,34,56	518.0,4,35,57	686.0,4,34,56	616.0,4,34,56	421.0,3,36,58
0.0,3,40,60	0.0,3,40,60	0.0,3,40,60	0.0,3,40,60	0.0,3,40,60	0.0,3,40,60	0.0,3,40,60	0.0,3,40,60	0.0,3,40,60	0.0,3,40,60	0.0,3,40,60	0.0,3,40,60	0.0,3,40,60	0.0,3,40,60	0.0,3,40,60	0.0,3,40,60	0.0,3,40,60	0.0,3,40,60	100.0,3,39,60	181.0,3,39,59	715.0,4,33,56	657.0,4,34,56	704.0,4,33,56	368.0,3,37,58	692.0,4,34,56	1267.0,5,28,52	1165.0,5,29,53	1182.0,5,29,53	968.0,4,31,54	923.0,4,31,54	924.0,4,31,54	979.0,4,31,54	878.0,4,32,55	867.0,4,32,55	204.0,3,38,59	204.0,3,38,59	526.0,4,35,57	401.0,3,36,58	442.0,3,36,58	273.0,3,38,59
0.0,3,40,60	0.0,3,40,60	0.0,3,40,60	0.0,3,40,60	0.0,3,40,60	0.0,3,40,60	0.0,3,40,60	0.0,3,40,60	0.0,3,40,60	0.0,3,40,60	0.0,3,40,60	0.0,3,40,60	0.0,3,40,60	0.0,3,40,60	0.0,3,40,60	0.0,3,40,60	0.0,3,40,60	0.0,3,40,60	0.0,3,40,60	0.0,3,40,60	0.0,3,40,60	17.0,3,40,60	259.0,3,38,59	249.0,3,38,59	223.0,3,38,59	798.0,4,33,55	755.0,4,33,55	1756.0,5,23,49	781.0,4,33,55	2032.0,5,20,47	2623.0,5,14,43	1388.0,5,27,51	849.0,4,32,55	547.0,4,35,57	453.0,3,36,57	748.0,4,33,56	330.0,3,37,58	214.0,3,38,59	498.0,3,36,57	309.0,3,37,58
0.0,3,40,60	0.0,3,40,60	0.0,3,40,60	0.0,3,40,60	0.0,3,40,60	0.0,3,40,60	0.0,3,40,60	0.0,3,40,60	0.0,3,40,60	0.0,3,40,60	0.0,3,40,60	0.0,3,40,60	0.0,3,40,60	0.0,3,40,60	0.0,3,40,60	0.0,3,40,60	0.0,3,40,60	278.0,3,38,59	0.0,3,40,60	0.0,3,40,60	0.0,3,40,60	0.0,3,40,60	0.0,3,40,60	0.0,3,40,60	45.0,3,40,60	46.0,3,40,60	259.0,3,38,59	187.0,3,39,59	385.0,3,37,58	651.0,4,34,56	989.0,4,31,54	368.0,3,37,58	1169.0,5,29,53	1181.0,5,29,53	864.0,4,32,55	350.0,3,37,58	296.0,3,38,59	387.0,3,37,58	233.0,3,38,59	96.0,3,40,60
0.0,3,40,60	0.0,3,40,60	0.0,3,40,60	0.0,3,40,60	0.0,3,40,60	0.0,3,40,60	0.0,3,40,60	0.0,3,40,60	0.0,3,40,60	0.0,3,40,60	0.0,3,40,60	0.0,3,40,60	0.0,3,40,60	0.0,3,40,60	0.0,3,40,60	0.0,3,40,60	0.0,3,40,60	0.0,3,40,60	0.0,3,40,60	0.0,3,40,60	0.0,3,40,60	0.0,3,40,60	0.0,3,40,60	0.0,3,40,60	0.0,3,40,60	0.0,3,40,60	29.0,3,40,60	1200.0,5,28,52	502.0,4,35,57	454.0,3,36,57	831.0,4,32,55	821.0,4,32,55	16.0,3,40,60	447.0,3,36,58	1050.0,5,30,53	621.0,4,34,56	178.0,3,39,59	171.0,3,39,59	162.0,3,39,59	90.0,3,40,60
0.0,3,40,60	0.0,3,40,60	0.0,3,40,60	0.0,3,40,60	0.0,3,40,60	0.0,3,40,60	0.0,3,40,60	0.0,3,40,60	0.0,3,40,60	0.0,3,40,60	0.0,3,40,60	0.0,3,40,60	0.0,3,40,60	0.0,3,40,60	0.0,3,40,60	0.0,3,40,60	0.0,3,40,60	0.0,3,40,60	0.0,3,40,60	0.0,3,40,60	0.0,3,40,60	0.0,3,40,60	0.0,3,40,60	0.0,3,40,60	0.0,3,40,60	0.0,3,40,60	0.0,3,40,60	199.0,3,39,59	247.0,3,38,59	416.0,3,36,58	1049.0,5,30,54	926.0,4,31,54	1506.0,5,25,50	-71.0,3,40,60	-19.0,3,40,60	740.0,4,33,56	704.0,4,33,56	303.0,3,37,58	96.0,3,40,60	188.0,3,39,59
0.0,3,40,60	0.0,3,40,60	0.0,3,40,60	0.0,3,40,60	0.0,3,40,60	0.0,3,40,60	0.0,3,40,60	0.0,3,40,60	0.0,3,40,60	0.0,3,40,60	0.0,3,40,60	0.0,3,40,60	0.0,3,40,60	0.0,3,40,60	0.0,3,40,60	0.0,3,40,60	0.0,3,40,60	0.0,3,40,60	0.0,3,40,60	0.0,3,40,60	0.0,3,40,60	0.0,3,40,60	0.0,3,40,60	0.0,3,40,60	0.0,3,40,60	0.0,3,40,60	0.0,3,40,60	0.0,3,40,60	19.0,3,40,60	451.0,3,36,57	1023.0,5,30,54	1356.0,5,27,51	146.0,3,39,60	30.0,3,40,60	-71.0,3,40,60	-54.0,3,40,60	415.0,3,36,58	352.0,3,37,58	150.0,3,39,59	370.0,3,37,58
0.0,3,40,60	0.0,3,40,60	0.0,3,40,60	0.0,3,40,60	0.0,3,40,60	0.0,3,40,60	0.0,3,40,60	0.0,3,40,60	0.0,3,40,60	0.0,3,40,60	0.0,3,40,60	0.0,3,40,60	0.0,3,40,60	0.0,3,40,60	0.0,3,40,60	0.0,3,40,60	0.0,3,40,60	0.0,3,40,60	0.0,3,40,60	0.0,3,40,60	0.0,3,40,60	0.0,3,40,60	0.0,3,40,60	0.0,3,40,60	0.0,3,40,60	0.0,3,40,60	0.0,3,40,60	0.0,3,40,60	0.0,3,40,60	192.0,3,39,59	537.0,4,35,57	1482.0,5,26,51	518.0,4,35,57	585.0,4,35,57	52.0,3,40,60	-36.0,3,40,60	16.0,3,40,60	139.0,3,39,60	265.0,3,38,59	54.0,3,40,60
0.0,3,40,60	0.0,3,40,60	0.0,3,40,60	0.0,3,40,60	0.0,3,40,60	0.0,3,40,60	0.0,3,40,60	0.0,3,40,60	0.0,3,40,60	0.0,3,40,60	0.0,3,40,60	0.0,3,40,60	0.0,3,40,60	0.0,3,40,60	0.0,3,40,60	0.0,3,40,60	0.0,3,40,60	0.0,3,40,60	0.0,3,40,60	0.0,3,40,60	0.0,3,40,60	0.0,3,40,60	0.0,3,40,60	0.0,3,40,60	0.0,3,40,60	0.0,3,40,60	0.0,3,40,60	0.0,3,40,60	0.0,3,40,60	139.0,3,39,60	576.0,4,35,57	1074.0,5,30,53	1183.0,5,29,53	203.0,3,38,59	7.0,3,40,60	-7.0,3,40,60	10.0,3,40,60	42.0,3,40,60	88.0,3,40,60	45.0,3,40,60
0.0,3,40,60	0.0,3,40,60	0.0,3,40,60	0.0,3,40,60	0.0,3,40,60	0.0,3,40,60	0.0,3,40,60	0.0,3,40,60	0.0,3,40,60	0.0,3,40,60	0.0,3,40,60	0.0,3,40,60	0.0,3,40,60	0.0,3,40,60	0.0,3,40,60	0.0,3,40,60	0.0,3,40,60	0.0,3,40,60	0.0,3,40,60	0.0,3,40,60	0.0,3,40,60	0.0,3,40,60	0.0,3,40,60	0.0,3,40,60	0.0,3,40,60	0.0,3,40,60	0.0,3,40,60	0.0,3,40,60	0.0,3,40,60	203.0,3,38,59	288.0,3,38,59	814.0,4,32,55	1062.0,5,30,53	1327.0,5,27,52	31.0,3,40,60	53.0,3,40,60	9.0,3,40,60	16.0,3,40,60	41.0,3,40,60	82.0,3,40,60
-data:
