radius:12.0
size:70^25
path:data/templates/BayArea.txt
fields:rainfall	tempLow	tempHigh	latitude	longitude
geo:37.57,38.03,-122.69,-121.97
climate:Mediterranean|30,45|14,18|12.0|270.0|0.08|0.01|2000.0|0.0025|1500.0|1500.0|6.5|400,800,1500,2500|Mild winters, dry summers. California-like.
+data:
34.62603878116344,3.0,40.0,60.0,38.03,-122.69	110.803324099723,3.0,40.0,60.0,38.03,-122.66	6.9252077562326875,3.0,40.0,60.0,38.03,-122.63	16.62049861495845,3.0,40.0,60.0,38.03,-122.6	1.3850415512465375,3.0,40.0,60.0,38.03,-122.57	41.551246537396125,3.0,40.0,60.0,38.03,-122.53999999999999	-2.770083102493075,3.0,40.0,60.0,38.03,-122.50999999999999	-2.770083102493075,3.0,40.0,60.0,38.03,-122.48	6.9252077562326875,3.0,40.0,60.0,38.03,-122.45	1.3850415512465375,3.0,40.0,60.0,38.03,-122.42	0.0,3.0,40.0,60.0,38.03,-122.39	0.0,3.0,40.0,60.0,38.03,-122.36	0.0,3.0,40.0,60.0,38.03,-122.33	0.0,3.0,40.0,60.0,38.03,-122.3	0.0,3.0,40.0,60.0,38.03,-122.27	0.0,3.0,40.0,60.0,38.03,-122.24	0.0,3.0,40.0,60.0,38.03,-122.21	0.0,3.0,40.0,60.0,38.03,-122.17999999999999	0.0,3.0,40.0,60.0,38.03,-122.15	0.0,3.0,40.0,60.0,38.03,-122.12	0.0,3.0,40.0,60.0,38.03,-122.09	0.0,3.0,40.0,60.0,38.03,-122.06	0.0,3.0,40.0,60.0,38.03,-122.03	0.0,3.0,40.0,60.0,38.03,-122.0	-1.3850415512465375,3.0,40.0,60.0,38.03,-121.97
60.94182825484765,3.0,40.0,60.0,38.02333333333333,-122.69	171.74515235457065,3.0,39.0,60.0,38.02333333333333,-122.66	24.930747922437675,3.0,40.0,60.0,38.02333333333333,-122.63	-1.3850415512465375,3.0,40.0,60.0,38.02333333333333,-122.6	13.850415512465375,3.0,40.0,60.0,38.02333333333333,-122.57	-1.3850415512465375,3.0,40.0,60.0,38.02333333333333,-122.53999999999999	-1.3850415512465375,3.0,40.0,60.0,38.02333333333333,-122.50999999999999	-2.770083102493075,3.0,40.0,60.0,38.02333333333333,-122.48	-1.3850415512465375,3.0,40.0,60.0,38.02333333333333,-122.45	1.3850415512465375,3.0,40.0,60.0,38.02333333333333,-122.42	0.0,3.0,40.0,60.0,38.02333333333333,-122.39	0.0,3.0,40.0,60.0,38.02333333333333,-122.36	0.0,3.0,40.0,60.0,38.02333333333333,-122.33	0.0,3.0,40.0,60.0,38.02333333333333,-122.3	0.0,3.0,40.0,60.0,38.02333333333333,-122.27	0.0,3.0,40.0,60.0,38.02333333333333,-122.24	0.0,3.0,40.0,60.0,38.02333333333333,-122.21	0.0,3.0,40.0,60.0,38.02333333333333,-122.17999999999999	0.0,3.0,40.0,60.0,38.02333333333333,-122.15	0.0,3.0,40.0,60.0,38.02333333333333,-122.12	0.0,3.0,40.0,60.0,38.02333333333333,-122.09	0.0,3.0,40.0,60.0,38.02333333333333,-122.06	0.0,3.0,40.0,60.0,38.02333333333333,-122.03	0.0,3.0,40.0,60.0,38.02333333333333,-122.0	0.0,3.0,40.0,60.0,38.02333333333333,-121.97
196.67590027700834,3.0,39.0,60.0,38.016666666666666,-122.69	134.34903047091413,3.0,40.0,60.0,38.016666666666666,-122.66	60.94182825484765,3.0,40.0,60.0,38.016666666666666,-122.63	11.0803324099723,3.0,40.0,60.0,38.016666666666666,-122.6	4.1551246537396125,3.0,40.0,60.0,38.016666666666666,-122.57	1.3850415512465375,3.0,40.0,60.0,38.016666666666666,-122.53999999999999	1.3850415512465375,3.0,40.0,60.0,38.016666666666666,-122.50999999999999	1.3850415512465375,3.0,40.0,60.0,38.016666666666666,-122.48	-5.54016620498615,3.0,40.0,60.0,38.016666666666666,-122.45	-1.3850415512465375,3.0,40.0,60.0,38.016666666666666,-122.42	0.0,3.0,40.0,60.0,38.016666666666666,-122.39	0.0,3.0,40.0,60.0,38.016666666666666,-122.36	0.0,3.0,40.0,60.0,38.016666666666666,-122.33	0.0,3.0,40.0,60.0,38.016666666666666,-122.3	0.0,3.0,40.0,60.0,38.016666666666666,-122.27	0.0,3.0,40.0,60.0,38.016666666666666,-122.24	0.0,3.0,40.0,60.0,38.016666666666666,-122.21	0.0,3.0,40.0,60.0,38.016666666666666,-122.17999999999999	0.0,3.0,40.0,60.0,38.016666666666666,-122.15	0.0,3.0,40.0,60.0,38.016666666666666,-122.12	0.0,3.0,40.0,60.0,38.016666666666666,-122.09	0.0,3.0,40.0,60.0,38.016666666666666,-122.06	0.0,3.0,40.0,60.0,38.016666666666666,-122.03	0.0,3.0,40.0,60.0,38.016666666666666,-122.0	0.0,3.0,40.0,60.0,38.016666666666666,-121.97
292.2437673130194,3.0,38.0,59.0,38.01,-122.69	164.81994459833797,3.0,39.0,60.0,38.01,-122.66	72.02216066481995,3.0,40.0,60.0,38.01,-122.63	105.26315789473685,3.0,40.0,60.0,38.01,-122.6	44.3213296398892,3.0,40.0,60.0,38.01,-122.57	8.310249307479225,3.0,40.0,60.0,38.01,-122.53999999999999	-1.3850415512465375,3.0,40.0,60.0,38.01,-122.50999999999999	-4.1551246537396125,3.0,40.0,60.0,38.01,-122.48	-4.1551246537396125,3.0,40.0,60.0,38.01,-122.45	-2.770083102493075,3.0,40.0,60.0,38.01,-122.42	0.0,3.0,40.0,60.0,38.01,-122.39	0.0,3.0,40.0,60.0,38.01,-122.36	0.0,3.0,40.0,60.0,38.01,-122.33	0.0,3.0,40.0,60.0,38.01,-122.3	0.0,3.0,40.0,60.0,38.01,-122.27	0.0,3.0,40.0,60.0,38.01,-122.24	0.0,3.0,40.0,60.0,38.01,-122.21	0.0,3.0,40.0,60.0,38.01,-122.17999999999999	0.0,3.0,40.0,60.0,38.01,-122.15	0.0,3.0,40.0,60.0,38.01,-122.12	0.0,3.0,40.0,60.0,38.01,-122.09	0.0,3.0,40.0,60.0,38.01,-122.06	0.0,3.0,40.0,60.0,38.01,-122.03	0.0,3.0,40.0,60.0,38.01,-122.0	0.0,3.0,40.0,60.0,38.01,-121.97
434.90304709141276,3.0,37.0,58.0,38.00333333333334,-122.69	274.23822714681444,3.0,39.0,59.0,38.00333333333334,-122.66	231.30193905817177,3.0,39.0,59.0,38.00333333333334,-122.63	95.56786703601108,3.0,40.0,60.0,38.00333333333334,-122.6	27.70083102493075,3.0,40.0,60.0,38.00333333333334,-122.57	8.310249307479225,3.0,40.0,60.0,38.00333333333334,-122.53999999999999	55.4016620498615,3.0,40.0,60.0,38.00333333333334,-122.50999999999999	-4.1551246537396125,3.0,40.0,60.0,38.00333333333334,-122.48	-2.770083102493075,3.0,40.0,60.0,38.00333333333334,-122.45	-2.770083102493075,3.0,40.0,60.0,38.00333333333334,-122.42	0.0,3.0,40.0,60.0,38.00333333333334,-122.39	0.0,3.0,40.0,60.0,38.00333333333334,-122.36	0.0,3.0,40.0,60.0,38.00333333333334,-122.33	0.0,3.0,40.0,60.0,38.00333333333334,-122.3	0.0,3.0,40.0,60.0,38.00333333333334,-122.27	0.0,3.0,40.0,60.0,38.00333333333334,-122.24	0.0,3.0,40.0,60.0,38.00333333333334,-122.21	0.0,3.0,40.0,60.0,38.00333333333334,-122.17999999999999	0.0,3.0,40.0,60.0,38.00333333333334,-122.15	0.0,3.0,40.0,60.0,38.00333333333334,-122.12	0.0,3.0,40.0,60.0,38.00333333333334,-122.09	0.0,3.0,40.0,60.0,38.00333333333334,-122.06	0.0,3.0,40.0,60.0,38.00333333333334,-122.03	0.0,3.0,40.0,60.0,38.00333333333334,-122.0	0.0,3.0,40.0,60.0,38.00333333333334,-121.97
621.8836565096954,3.0,36.0,58.0,37.99666666666667,-122.69	271.4681440443213,3.0,39.0,59.0,37.99666666666667,-122.66	108.03324099722992,3.0,40.0,60.0,37.99666666666667,-122.63	198.06094182825487,3.0,39.0,60.0,37.99666666666667,-122.6	134.34903047091413,3.0,40.0,60.0,37.99666666666667,-122.57	138.50415512465375,3.0,39.0,60.0,37.99666666666667,-122.53999999999999	9.695290858725762,3.0,40.0,60.0,37.99666666666667,-122.50999999999999	0.0,3.0,40.0,60.0,37.99666666666667,-122.48	-2.770083102493075,3.0,40.0,60.0,37.99666666666667,-122.45	0.0,3.0,40.0,60.0,37.99666666666667,-122.42	0.0,3.0,40.0,60.0,37.99666666666667,-122.39	0.0,3.0,40.0,60.0,37.99666666666667,-122.36	0.0,3.0,40.0,60.0,37.99666666666667,-122.33	0.0,3.0,40.0,60.0,37.99666666666667,-122.3	0.0,3.0,40.0,60.0,37.99666666666667,-122.27	0.0,3.0,40.0,60.0,37.99666666666667,-122.24	0.0,3.0,40.0,60.0,37.99666666666667,-122.21	0.0,3.0,40.0,60.0,37.99666666666667,-122.17999999999999	0.0,3.0,40.0,60.0,37.99666666666667,-122.15	0.0,3.0,40.0,60.0,37.99666666666667,-122.12	0.0,3.0,40.0,60.0,37.99666666666667,-122.09	0.0,3.0,40.0,60.0,37.99666666666667,-122.06	0.0,3.0,40.0,60.0,37.99666666666667,-122.03	0.0,3.0,40.0,60.0,37.99666666666667,-122.0	0.0,3.0,40.0,60.0,37.99666666666667,-121.97
588.6426592797784,3.0,36.0,58.0,37.99,-122.69	520.7756232686982,3.0,37.0,58.0,37.99,-122.66	268.69806094182826,3.0,39.0,59.0,37.99,-122.63	290.85872576177286,3.0,38.0,59.0,37.99,-122.6	152.35457063711914,3.0,39.0,60.0,37.99,-122.57	210.5263157894737,3.0,39.0,59.0,37.99,-122.53999999999999	34.62603878116344,3.0,40.0,60.0,37.99,-122.50999999999999	30.470914127423825,3.0,40.0,60.0,37.99,-122.48	-1.3850415512465375,3.0,40.0,60.0,37.99,-122.45	0.0,3.0,40.0,60.0,37.99,-122.42	0.0,3.0,40.0,60.0,37.99,-122.39	0.0,3.0,40.0,60.0,37.99,-122.36	0.0,3.0,40.0,60.0,37.99,-122.33	0.0,3.0,40.0,60.0,37.99,-122.3	0.0,3.0,40.0,60.0,37.99,-122.27	0.0,3.0,40.0,60.0,37.99,-122.24	0.0,3.0,40.0,60.0,37.99,-122.21	0.0,3.0,40.0,60.0,37.99,-122.17999999999999	0.0,3.0,40.0,60.0,37.99,-122.15	0.0,3.0,40.0,60.0,37.99,-122.12	0.0,3.0,40.0,60.0,37.99,-122.09	0.0,3.0,40.0,60.0,37.99,-122.06	0.0,3.0,40.0,60.0,37.99,-122.03	0.0,3.0,40.0,60.0,37.99,-122.0	0.0,3.0,40.0,60.0,37.99,-121.97
222.99168975069253,3.0,39.0,59.0,37.983333333333334,-122.69	502.7700831024931,3.0,37.0,58.0,37.983333333333334,-122.66	493.0747922437673,3.0,37.0,58.0,37.983333333333334,-122.63	361.4958448753463,3.0,38.0,59.0,37.983333333333334,-122.6	243.7673130193906,3.0,39.0,59.0,37.983333333333334,-122.57	80.33240997229917,3.0,40.0,60.0,37.983333333333334,-122.53999999999999	22.1606648199446,3.0,40.0,60.0,37.983333333333334,-122.50999999999999	2.770083102493075,3.0,40.0,60.0,37.983333333333334,-122.48	-4.1551246537396125,3.0,40.0,60.0,37.983333333333334,-122.45	0.0,3.0,40.0,60.0,37.983333333333334,-122.42	0.0,3.0,40.0,60.0,37.983333333333334,-122.39	0.0,3.0,40.0,60.0,37.983333333333334,-122.36	0.0,3.0,40.0,60.0,37.983333333333334,-122.33	0.0,3.0,40.0,60.0,37.983333333333334,-122.3	0.0,3.0,40.0,60.0,37.983333333333334,-122.27	0.0,3.0,40.0,60.0,37.983333333333334,-122.24	0.0,3.0,40.0,60.0,37.983333333333334,-122.21	0.0,3.0,40.0,60.0,37.983333333333334,-122.17999999999999	0.0,3.0,40.0,60.0,37.983333333333334,-122.15	0.0,3.0,40.0,60.0,37.983333333333334,-122.12	0.0,3.0,40.0,60.0,37.983333333333334,-122.09	0.0,3.0,40.0,60.0,37.983333333333334,-122.06	0.0,3.0,40.0,60.0,37.983333333333334,-122.03	0.0,3.0,40.0,60.0,37.983333333333334,-122.0	0.0,3.0,40.0,60.0,37.983333333333334,-121.97
192.52077562326872,3.0,39.0,60.0,37.97666666666667,-122.69	94.18282548476455,3.0,40.0,60.0,37.97666666666667,-122.66	199.4459833795014,3.0,39.0,60.0,37.97666666666667,-122.63	383.6565096952909,3.0,38.0,59.0,37.97666666666667,-122.6	186.98060941828257,3.0,39.0,60.0,37.97666666666667,-122.57	20.775623268698062,3.0,40.0,60.0,37.97666666666667,-122.53999999999999	16.62049861495845,3.0,40.0,60.0,37.97666666666667,-122.50999999999999	-2.770083102493075,3.0,40.0,60.0,37.97666666666667,-122.48	-1.3850415512465375,3.0,40.0,60.0,37.97666666666667,-122.45	0.0,3.0,40.0,60.0,37.97666666666667,-122.42	0.0,3.0,40.0,60.0,37.97666666666667,-122.39	0.0,3.0,40.0,60.0,37.97666666666667,-122.36	0.0,3.0,40.0,60.0,37.97666666666667,-122.33	0.0,3.0,40.0,60.0,37.97666666666667,-122.3	0.0,3.0,40.0,60.0,37.97666666666667,-122.27	0.0,3.0,40.0,60.0,37.97666666666667,-122.24	0.0,3.0,40.0,60.0,37.97666666666667,-122.21	0.0,3.0,40.0,60.0,37.97666666666667,-122.17999999999999	0.0,3.0,40.0,60.0,37.97666666666667,-122.15	0.0,3.0,40.0,60.0,37.97666666666667,-122.12	0.0,3.0,40.0,60.0,37.97666666666667,-122.09	0.0,3.0,40.0,60.0,37.97666666666667,-122.06	0.0,3.0,40.0,60.0,37.97666666666667,-122.03	0.0,3.0,40.0,60.0,37.97666666666667,-122.0	0.0,3.0,40.0,60.0,37.97666666666667,-121.97
382.2714681440443,3.0,38.0,59.0,37.97,-122.69	333.79501385041556,3.0,38.0,59.0,37.97,-122.66	69.25207756232687,3.0,40.0,60.0,37.97,-122.63	58.171745152354575,3.0,40.0,60.0,37.97,-122.6	45.70637119113574,3.0,40.0,60.0,37.97,-122.57	42.93628808864266,3.0,40.0,60.0,37.97,-122.53999999999999	1.3850415512465375,3.0,40.0,60.0,37.97,-122.50999999999999	-2.770083102493075,3.0,40.0,60.0,37.97,-122.48	0.0,3.0,40.0,60.0,37.97,-122.45	0.0,3.0,40.0,60.0,37.97,-122.42	0.0,3.0,40.0,60.0,37.97,-122.39	0.0,3.0,40.0,60.0,37.97,-122.36	0.0,3.0,40.0,60.0,37.97,-122.33	0.0,3.0,40.0,60.0,37.97,-122.3	0.0,3.0,40.0,60.0,37.97,-122.27	0.0,3.0,40.0,60.0,37.97,-122.24	0.0,3.0,40.0,60.0,37.97,-122.21	0.0,3.0,40.0,60.0,37.97,-122.17999999999999	0.0,3.0,40.0,60.0,37.97,-122.15	0.0,3.0,40.0,60.0,37.97,-122.12	0.0,3.0,40.0,60.0,37.97,-122.09	0.0,3.0,40.0,60.0,37.97,-122.06	0.0,3.0,40.0,60.0,37.97,-122.03	0.0,3.0,40.0,60.0,37.97,-122.0	0.0,3.0,40.0,60.0,37.97,-121.97
264.54293628808864,3.0,39.0,59.0,37.96333333333333,-122.69	135.73407202216066,3.0,40.0,60.0,37.96333333333333,-122.66	81.71745152354572,3.0,40.0,60.0,37.96333333333333,-122.63	119.11357340720222,3.0,40.0,60.0,37.96333333333333,-122.6	59.55678670360111,3.0,40.0,60.0,37.96333333333333,-122.57	4.1551246537396125,3.0,40.0,60.0,37.96333333333333,-122.53999999999999	16.62049861495845,3.0,40.0,60.0,37.96333333333333,-122.50999999999999	0.0,3.0,40.0,60.0,37.96333333333333,-122.48	0.0,3.0,40.0,60.0,37.96333333333333,-122.45	0.0,3.0,40.0,60.0,37.96333333333333,-122.42	0.0,3.0,40.0,60.0,37.96333333333333,-122.39	0.0,3.0,40.0,60.0,37.96333333333333,-122.36	0.0,3.0,40.0,60.0,37.96333333333333,-122.33	0.0,3.0,40.0,60.0,37.96333333333333,-122.3	0.0,3.0,40.0,60.0,37.96333333333333,-122.27	0.0,3.0,40.0,60.0,37.96333333333333,-122.24	0.0,3.0,40.0,60.0,37.96333333333333,-122.21	0.0,3.0,40.0,60.0,37.96333333333333,-122.17999999999999	0.0,3.0,40.0,60.0,37.96333333333333,-122.15	0.0,3.0,40.0,60.0,37.96333333333333,-122.12	0.0,3.0,40.0,60.0,37.96333333333333,-122.09	0.0,3.0,40.0,60.0,37.96333333333333,-122.06	0.0,3.0,40.0,60.0,37.96333333333333,-122.03	0.0,3.0,40.0,60.0,37.96333333333333,-122.0	0.0,3.0,40.0,60.0,37.96333333333333,-121.97
178.67036011080333,3.0,39.0,60.0,37.95666666666667,-122.69	88.6426592797784,3.0,40.0,60.0,37.95666666666667,-122.66	204.98614958448755,3.0,39.0,60.0,37.95666666666667,-122.63	42.93628808864266,3.0,40.0,60.0,37.95666666666667,-122.6	11.0803324099723,3.0,40.0,60.0,37.95666666666667,-122.57	63.711911357340725,3.0,40.0,60.0,37.95666666666667,-122.53999999999999	2.770083102493075,3.0,40.0,60.0,37.95666666666667,-122.50999999999999	66.4819944598338,3.0,40.0,60.0,37.95666666666667,-122.48	5.54016620498615,3.0,40.0,60.0,37.95666666666667,-122.45	0.0,3.0,40.0,60.0,37.95666666666667,-122.42	0.0,3.0,40.0,60.0,37.95666666666667,-122.39	0.0,3.0,40.0,60.0,37.95666666666667,-122.36	0.0,3.0,40.0,60.0,37.95666666666667,-122.33	0.0,3.0,40.0,60.0,37.95666666666667,-122.3	0.0,3.0,40.0,60.0,37.95666666666667,-122.27	0.0,3.0,40.0,60.0,37.95666666666667,-122.24	0.0,3.0,40.0,60.0,37.95666666666667,-122.21	0.0,3.0,40.0,60.0,37.95666666666667,-122.17999999999999	0.0,3.0,40.0,60.0,37.95666666666667,-122.15	0.0,3.0,40.0,60.0,37.95666666666667,-122.12	0.0,3.0,40.0,60.0,37.95666666666667,-122.09	0.0,3.0,40.0,60.0,37.95666666666667,-122.06	0.0,3.0,40.0,60.0,37.95666666666667,-122.03	0.0,3.0,40.0,60.0,37.95666666666667,-122.0	0.0,3.0,40.0,60.0,37.95666666666667,-121.97
173.13019390581718,3.0,39.0,60.0,37.95,-122.69	177.2853185595568,3.0,39.0,60.0,37.95,-122.66	62.32686980609419,3.0,40.0,60.0,37.95,-122.63	121.8836565096953,3.0,40.0,60.0,37.95,-122.6	13.850415512465375,3.0,40.0,60.0,37.95,-122.57	47.091412742382275,3.0,40.0,60.0,37.95,-122.53999999999999	1.3850415512465375,3.0,40.0,60.0,37.95,-122.50999999999999	116.34349030470915,3.0,40.0,60.0,37.95,-122.48	101.10803324099723,3.0,40.0,60.0,37.95,-122.45	34.62603878116344,3.0,40.0,60.0,37.95,-122.42	52.631578947368425,3.0,40.0,60.0,37.95,-122.39	0.0,3.0,40.0,60.0,37.95,-122.36	0.0,3.0,40.0,60.0,37.95,-122.33	0.0,3.0,40.0,60.0,37.95,-122.3	0.0,3.0,40.0,60.0,37.95,-122.27	0.0,3.0,40.0,60.0,37.95,-122.24	0.0,3.0,40.0,60.0,37.95,-122.21	0.0,3.0,40.0,60.0,37.95,-122.17999999999999	0.0,3.0,40.0,60.0,37.95,-122.15	26.315789473684212,3.0,40.0,60.0,37.95,-122.12	15.235457063711912,3.0,40.0,60.0,37.95,-122.09	0.0,3.0,40.0,60.0,37.95,-122.06	0.0,3.0,40.0,60.0,37.95,-122.03	27.70083102493075,3.0,40.0,60.0,37.95,-122.0	48.47645429362881,3.0,40.0,60.0,37.95,-121.97
126.03878116343492,3.0,40.0,60.0,37.943333333333335,-122.69	192.52077562326872,3.0,39.0,60.0,37.943333333333335,-122.66	54.01662049861496,3.0,40.0,60.0,37.943333333333335,-122.63	239.61218836565098,3.0,39.0,59.0,37.943333333333335,-122.6	38.78116343490305,3.0,40.0,60.0,37.943333333333335,-122.57	8.310249307479225,3.0,40.0,60.0,37.943333333333335,-122.53999999999999	24.930747922437675,3.0,40.0,60.0,37.943333333333335,-122.50999999999999	360.1108033240997,3.0,38.0,59.0,37.943333333333335,-122.48	403.0470914127424,3.0,38.0,59.0,37.943333333333335,-122.45	173.13019390581718,3.0,39.0,60.0,37.943333333333335,-122.42	29.085872576177287,3.0,40.0,60.0,37.943333333333335,-122.39	19.390581717451525,3.0,40.0,60.0,37.943333333333335,-122.36	0.0,3.0,40.0,60.0,37.943333333333335,-122.33	0.0,3.0,40.0,60.0,37.943333333333335,-122.3	0.0,3.0,40.0,60.0,37.943333333333335,-122.27	0.0,3.0,40.0,60.0,37.943333333333335,-122.24	0.0,3.0,40.0,60.0,37.943333333333335,-122.21	0.0,3.0,40.0,60.0,37.943333333333335,-122.17999999999999	0.0,3.0,40.0,60.0,37.943333333333335,-122.15	1.3850415512465375,3.0,40.0,60.0,37.943333333333335,-122.12	26.315789473684212,3.0,40.0,60.0,37.943333333333335,-122.09	13.850415512465375,3.0,40.0,60.0,37.943333333333335,-122.06	38.78116343490305,3.0,40.0,60.0,37.943333333333335,-122.03	38.78116343490305,3.0,40.0,60.0,37.943333333333335,-122.0	103.87811634349032,3.0,40.0,60.0,37.943333333333335,-121.97
216.06648199445985,3.0,39.0,59.0,37.93666666666667,-122.69	58.171745152354575,3.0,40.0,60.0,37.93666666666667,-122.66	41.551246537396125,3.0,40.0,60.0,37.93666666666667,-122.63	58.171745152354575,3.0,40.0,60.0,37.93666666666667,-122.6	164.81994459833797,3.0,39.0,60.0,37.93666666666667,-122.57	117.72853185595568,3.0,40.0,60.0,37.93666666666667,-122.53999999999999	83.10249307479225,3.0,40.0,60.0,37.93666666666667,-122.50999999999999	120.49861495844877,3.0,40.0,60.0,37.93666666666667,-122.48	390.58171745152356,3.0,38.0,59.0,37.93666666666667,-122.45	44.3213296398892,3.0,40.0,60.0,37.93666666666667,-122.42	77.5623268698061,3.0,40.0,60.0,37.93666666666667,-122.39	33.2409972299169,3.0,40.0,60.0,37.93666666666667,-122.36	16.62049861495845,3.0,40.0,60.0,37.93666666666667,-122.33	0.0,3.0,40.0,60.0,37.93666666666667,-122.3	0.0,3.0,40.0,60.0,37.93666666666667,-122.27	0.0,3.0,40.0,60.0,37.93666666666667,-122.24	0.0,3.0,40.0,60.0,37.93666666666667,-122.21	0.0,3.0,40.0,60.0,37.93666666666667,-122.17999999999999	0.0,3.0,40.0,60.0,37.93666666666667,-122.15	0.0,3.0,40.0,60.0,37.93666666666667,-122.12	55.4016620498615,3.0,40.0,60.0,37.93666666666667,-122.09	54.01662049861496,3.0,40.0,60.0,37.93666666666667,-122.06	42.93628808864266,3.0,40.0,60.0,37.93666666666667,-122.03	95.56786703601108,3.0,40.0,60.0,37.93666666666667,-122.0	103.87811634349032,3.0,40.0,60.0,37.93666666666667,-121.97
191.13573407202216,3.0,39.0,60.0,37.93,-122.69	124.65373961218837,3.0,40.0,60.0,37.93,-122.66	36.011080332409975,3.0,40.0,60.0,37.93,-122.63	45.70637119113574,3.0,40.0,60.0,37.93,-122.6	95.56786703601108,3.0,40.0,60.0,37.93,-122.57	85.87257617728532,3.0,40.0,60.0,37.93,-122.53999999999999	131.57894736842107,3.0,40.0,60.0,37.93,-122.50999999999999	40.16620498614959,3.0,40.0,60.0,37.93,-122.48	92.79778393351802,3.0,40.0,60.0,37.93,-122.45	67.86703601108033,3.0,40.0,60.0,37.93,-122.42	1.3850415512465375,3.0,40.0,60.0,37.93,-122.39	0.0,3.0,40.0,60.0,37.93,-122.36	0.0,3.0,40.0,60.0,37.93,-122.33	0.0,3.0,40.0,60.0,37.93,-122.3	0.0,3.0,40.0,60.0,37.93,-122.27	0.0,3.0,40.0,60.0,37.93,-122.24	0.0,3.0,40.0,60.0,37.93,-122.21	0.0,3.0,40.0,60.0,37.93,-122.17999999999999	0.0,3.0,40.0,60.0,37.93,-122.15	2.770083102493075,3.0,40.0,60.0,37.93,-122.12	19.390581717451525,3.0,40.0,60.0,37.93,-122.09	98.33795013850417,3.0,40.0,60.0,37.93,-122.06	87.25761772853187,3.0,40.0,60.0,37.93,-122.03	87.25761772853187,3.0,40.0,60.0,37.93,-122.0	144.0443213296399,3.0,39.0,60.0,37.93,-121.97
155.1246537396122,3.0,39.0,60.0,37.92333333333333,-122.69	103.87811634349032,3.0,40.0,60.0,37.92333333333333,-122.66	193.90581717451525,3.0,39.0,60.0,37.92333333333333,-122.63	19.390581717451525,3.0,40.0,60.0,37.92333333333333,-122.6	160.66481994459835,3.0,39.0,60.0,37.92333333333333,-122.57	80.33240997229917,3.0,40.0,60.0,37.92333333333333,-122.53999999999999	4.1551246537396125,3.0,40.0,60.0,37.92333333333333,-122.50999999999999	4.1551246537396125,3.0,40.0,60.0,37.92333333333333,-122.48	18.005540166204987,3.0,40.0,60.0,37.92333333333333,-122.45	41.551246537396125,3.0,40.0,60.0,37.92333333333333,-122.42	0.0,3.0,40.0,60.0,37.92333333333333,-122.39	0.0,3.0,40.0,60.0,37.92333333333333,-122.36	0.0,3.0,40.0,60.0,37.92333333333333,-122.33	0.0,3.0,40.0,60.0,37.92333333333333,-122.3	0.0,3.0,40.0,60.0,37.92333333333333,-122.27	0.0,3.0,40.0,60.0,37.92333333333333,-122.24	0.0,3.0,40.0,60.0,37.92333333333333,-122.21	0.0,3.0,40.0,60.0,37.92333333333333,-122.17999999999999	-1.3850415512465375,3.0,40.0,60.0,37.92333333333333,-122.15	4.1551246537396125,3.0,40.0,60.0,37.92333333333333,-122.12	12.465373961218837,3.0,40.0,60.0,37.92333333333333,-122.09	45.70637119113574,3.0,40.0,60.0,37.92333333333333,-122.06	80.33240997229917,3.0,40.0,60.0,37.92333333333333,-122.03	105.26315789473685,3.0,40.0,60.0,37.92333333333333,-122.0	88.6426592797784,3.0,40.0,60.0,37.92333333333333,-121.97
285.31855955678674,3.0,38.0,59.0,37.916666666666664,-122.69	173.13019390581718,3.0,39.0,60.0,37.916666666666664,-122.66	264.54293628808864,3.0,39.0,59.0,37.916666666666664,-122.63	83.10249307479225,3.0,40.0,60.0,37.916666666666664,-122.6	65.09695290858727,3.0,40.0,60.0,37.916666666666664,-122.57	128.80886426592798,3.0,40.0,60.0,37.916666666666664,-122.53999999999999	12.465373961218837,3.0,40.0,60.0,37.916666666666664,-122.50999999999999	2.770083102493075,3.0,40.0,60.0,37.916666666666664,-122.48	2.770083102493075,3.0,40.0,60.0,37.916666666666664,-122.45	0.0,3.0,40.0,60.0,37.916666666666664,-122.42	0.0,3.0,40.0,60.0,37.916666666666664,-122.39	0.0,3.0,40.0,60.0,37.916666666666664,-122.36	0.0,3.0,40.0,60.0,37.916666666666664,-122.33	0.0,3.0,40.0,60.0,37.916666666666664,-122.3	51.24653739612189,3.0,40.0,60.0,37.916666666666664,-122.27	4.1551246537396125,3.0,40.0,60.0,37.916666666666664,-122.24	0.0,3.0,40.0,60.0,37.916666666666664,-122.21	11.0803324099723,3.0,40.0,60.0,37.916666666666664,-122.17999999999999	1.3850415512465375,3.0,40.0,60.0,37.916666666666664,-122.15	9.695290858725762,3.0,40.0,60.0,37.916666666666664,-122.12	20.775623268698062,3.0,40.0,60.0,37.916666666666664,-122.09	23.545706371191137,3.0,40.0,60.0,37.916666666666664,-122.06	40.16620498614959,3.0,40.0,60.0,37.916666666666664,-122.03	41.551246537396125,3.0,40.0,60.0,37.916666666666664,-122.0	66.4819944598338,3.0,40.0,60.0,37.916666666666664,-121.97
339.3351800554017,3.0,38.0,59.0,37.910000000000004,-122.69	227.14681440443215,3.0,39.0,59.0,37.910000000000004,-122.66	123.26869806094183,3.0,40.0,60.0,37.910000000000004,-122.63	186.98060941828257,3.0,39.0,60.0,37.910000000000004,-122.6	9.695290858725762,3.0,40.0,60.0,37.910000000000004,-122.57	38.78116343490305,3.0,40.0,60.0,37.910000000000004,-122.53999999999999	145.42936288088643,3.0,39.0,60.0,37.910000000000004,-122.50999999999999	19.390581717451525,3.0,40.0,60.0,37.910000000000004,-122.48	2.770083102493075,3.0,40.0,60.0,37.910000000000004,-122.45	0.0,3.0,40.0,60.0,37.910000000000004,-122.42	0.0,3.0,40.0,60.0,37.910000000000004,-122.39	0.0,3.0,40.0,60.0,37.910000000000004,-122.36	0.0,3.0,40.0,60.0,37.910000000000004,-122.33	0.0,3.0,40.0,60.0,37.910000000000004,-122.3	0.0,3.0,40.0,60.0,37.910000000000004,-122.27	31.855955678670362,3.0,40.0,60.0,37.910000000000004,-122.24	0.0,3.0,40.0,60.0,37.910000000000004,-122.21	2.770083102493075,3.0,40.0,60.0,37.910000000000004,-122.17999999999999	-1.3850415512465375,3.0,40.0,60.0,37.910000000000004,-122.15	8.310249307479225,3.0,40.0,60.0,37.910000000000004,-122.12	16.62049861495845,3.0,40.0,60.0,37.910000000000004,-122.09	34.62603878116344,3.0,40.0,60.0,37.910000000000004,-122.06	130.19390581717454,3.0,40.0,60.0,37.910000000000004,-122.03	252.07756232686984,3.0,39.0,59.0,37.910000000000004,-122.0	173.13019390581718,3.0,39.0,60.0,37.910000000000004,-121.97
324.09972299168976,3.0,38.0,59.0,37.903333333333336,-122.69	487.5346260387812,3.0,37.0,58.0,37.903333333333336,-122.66	263.15789473684214,3.0,39.0,59.0,37.903333333333336,-122.63	56.78670360110804,3.0,40.0,60.0,37.903333333333336,-122.6	15.235457063711912,3.0,40.0,60.0,37.903333333333336,-122.57	2.770083102493075,3.0,40.0,60.0,37.903333333333336,-122.53999999999999	11.0803324099723,3.0,40.0,60.0,37.903333333333336,-122.50999999999999	58.171745152354575,3.0,40.0,60.0,37.903333333333336,-122.48	72.02216066481995,3.0,40.0,60.0,37.903333333333336,-122.45	5.54016620498615,3.0,40.0,60.0,37.903333333333336,-122.42	0.0,3.0,40.0,60.0,37.903333333333336,-122.39	0.0,3.0,40.0,60.0,37.903333333333336,-122.36	0.0,3.0,40.0,60.0,37.903333333333336,-122.33	0.0,3.0,40.0,60.0,37.903333333333336,-122.3	0.0,3.0,40.0,60.0,37.903333333333336,-122.27	95.56786703601108,3.0,40.0,60.0,37.903333333333336,-122.24	13.850415512465375,3.0,40.0,60.0,37.903333333333336,-122.21	-1.3850415512465375,3.0,40.0,60.0,37.903333333333336,-122.17999999999999	-1.3850415512465375,3.0,40.0,60.0,37.903333333333336,-122.15	11.0803324099723,3.0,40.0,60.0,37.903333333333336,-122.12	20.775623268698062,3.0,40.0,60.0,37.903333333333336,-122.09	33.2409972299169,3.0,40.0,60.0,37.903333333333336,-122.06	45.70637119113574,3.0,40.0,60.0,37.903333333333336,-122.03	94.18282548476455,3.0,40.0,60.0,37.903333333333336,-122.0	211.91135734072023,3.0,39.0,59.0,37.903333333333336,-121.97
497.22991689750694,3.0,37.0,58.0,37.89666666666667,-122.69	518.005540166205,3.0,37.0,58.0,37.89666666666667,-122.66	443.213296398892,3.0,37.0,58.0,37.89666666666667,-122.63	325.4847645429363,3.0,38.0,59.0,37.89666666666667,-122.6	207.75623268698064,3.0,39.0,59.0,37.89666666666667,-122.57	34.62603878116344,3.0,40.0,60.0,37.89666666666667,-122.53999999999999	1.3850415512465375,3.0,40.0,60.0,37.89666666666667,-122.50999999999999	1.3850415512465375,3.0,40.0,60.0,37.89666666666667,-122.48	0.0,3.0,40.0,60.0,37.89666666666667,-122.45	12.465373961218837,3.0,40.0,60.0,37.89666666666667,-122.42	0.0,3.0,40.0,60.0,37.89666666666667,-122.39	0.0,3.0,40.0,60.0,37.89666666666667,-122.36	0.0,3.0,40.0,60.0,37.89666666666667,-122.33	0.0,3.0,40.0,60.0,37.89666666666667,-122.3	0.0,3.0,40.0,60.0,37.89666666666667,-122.27	0.0,3.0,40.0,60.0,37.89666666666667,-122.24	130.19390581717454,3.0,40.0,60.0,37.89666666666667,-122.21	2.770083102493075,3.0,40.0,60.0,37.89666666666667,-122.17999999999999	1.3850415512465375,3.0,40.0,60.0,37.89666666666667,-122.15	6.9252077562326875,3.0,40.0,60.0,37.89666666666667,-122.12	18.005540166204987,3.0,40.0,60.0,37.89666666666667,-122.09	27.70083102493075,3.0,40.0,60.0,37.89666666666667,-122.06	36.011080332409975,3.0,40.0,60.0,37.89666666666667,-122.03	142.65927977839337,3.0,39.0,60.0,37.89666666666667,-122.0	145.42936288088643,3.0,39.0,60.0,37.89666666666667,-121.97
826.8698060941829,4.0,35.0,57.0,37.89,-122.69	803.3240997229917,4.0,35.0,57.0,37.89,-122.66	821.3296398891968,4.0,35.0,57.0,37.89,-122.63	318.55955678670364,3.0,38.0,59.0,37.89,-122.6	124.65373961218837,3.0,40.0,60.0,37.89,-122.57	55.4016620498615,3.0,40.0,60.0,37.89,-122.53999999999999	19.390581717451525,3.0,40.0,60.0,37.89,-122.50999999999999	2.770083102493075,3.0,40.0,60.0,37.89,-122.48	0.0,3.0,40.0,60.0,37.89,-122.45	0.0,3.0,40.0,60.0,37.89,-122.42	0.0,3.0,40.0,60.0,37.89,-122.39	0.0,3.0,40.0,60.0,37.89,-122.36	0.0,3.0,40.0,60.0,37.89,-122.33	0.0,3.0,40.0,60.0,37.89,-122.3	0.0,3.0,40.0,60.0,37.89,-122.27	0.0,3.0,40.0,60.0,37.89,-122.24	8.310249307479225,3.0,40.0,60.0,37.89,-122.21	1.3850415512465375,3.0,40.0,60.0,37.89,-122.17999999999999	1.3850415512465375,3.0,40.0,60.0,37.89,-122.15	5.54016620498615,3.0,40.0,60.0,37.89,-122.12	9.695290858725762,3.0,40.0,60.0,37.89,-122.09	19.390581717451525,3.0,40.0,60.0,37.89,-122.06	24.930747922437675,3.0,40.0,60.0,37.89,-122.03	120.49861495844877,3.0,40.0,60.0,37.89,-122.0	283.9335180055402,3.0,38.0,59.0,37.89,-121.97
1000.0000000000001,4.0,33.0,56.0,37.88333333333333,-122.69	890.5817174515236,4.0,34.0,56.0,37.88333333333333,-122.66	691.1357340720222,3.0,36.0,57.0,37.88333333333333,-122.63	303.3240997229917,3.0,38.0,59.0,37.88333333333333,-122.6	281.1634349030471,3.0,38.0,59.0,37.88333333333333,-122.57	254.8476454293629,3.0,39.0,59.0,37.88333333333333,-122.53999999999999	12.465373961218837,3.0,40.0,60.0,37.88333333333333,-122.50999999999999	0.0,3.0,40.0,60.0,37.88333333333333,-122.48	2.770083102493075,3.0,40.0,60.0,37.88333333333333,-122.45	0.0,3.0,40.0,60.0,37.88333333333333,-122.42	0.0,3.0,40.0,60.0,37.88333333333333,-122.39	0.0,3.0,40.0,60.0,37.88333333333333,-122.36	0.0,3.0,40.0,60.0,37.88333333333333,-122.33	0.0,3.0,40.0,60.0,37.88333333333333,-122.3	0.0,3.0,40.0,60.0,37.88333333333333,-122.27	0.0,3.0,40.0,60.0,37.88333333333333,-122.24	0.0,3.0,40.0,60.0,37.88333333333333,-122.21	47.091412742382275,3.0,40.0,60.0,37.88333333333333,-122.17999999999999	-2.770083102493075,3.0,40.0,60.0,37.88333333333333,-122.15	1.3850415512465375,3.0,40.0,60.0,37.88333333333333,-122.12	4.1551246537396125,3.0,40.0,60.0,37.88333333333333,-122.09	9.695290858725762,3.0,40.0,60.0,37.88333333333333,-122.06	16.62049861495845,3.0,40.0,60.0,37.88333333333333,-122.03	29.085872576177287,3.0,40.0,60.0,37.88333333333333,-122.0	204.98614958448755,3.0,39.0,60.0,37.88333333333333,-121.97
800.5540166204987,4.0,35.0,57.0,37.876666666666665,-122.69	644.04432132964,3.0,36.0,57.0,37.876666666666665,-122.66	504.1551246537397,3.0,37.0,58.0,37.876666666666665,-122.63	325.4847645429363,3.0,38.0,59.0,37.876666666666665,-122.6	174.51523545706374,3.0,39.0,60.0,37.876666666666665,-122.57	148.19944598337952,3.0,39.0,60.0,37.876666666666665,-122.53999999999999	135.73407202216066,3.0,40.0,60.0,37.876666666666665,-122.50999999999999	45.70637119113574,3.0,40.0,60.0,37.876666666666665,-122.48	30.470914127423825,3.0,40.0,60.0,37.876666666666665,-122.45	67.86703601108033,3.0,40.0,60.0,37.876666666666665,-122.42	0.0,3.0,40.0,60.0,37.876666666666665,-122.39	0.0,3.0,40.0,60.0,37.876666666666665,-122.36	0.0,3.0,40.0,60.0,37.876666666666665,-122.33	0.0,3.0,40.0,60.0,37.876666666666665,-122.3	0.0,3.0,40.0,60.0,37.876666666666665,-122.27	0.0,3.0,40.0,60.0,37.876666666666665,-122.24	0.0,3.0,40.0,60.0,37.876666666666665,-122.21	0.0,3.0,40.0,60.0,37.876666666666665,-122.17999999999999	2.770083102493075,3.0,40.0,60.0,37.876666666666665,-122.15	9.695290858725762,3.0,40.0,60.0,37.876666666666665,-122.12	2.770083102493075,3.0,40.0,60.0,37.876666666666665,-122.09	6.9252077562326875,3.0,40.0,60.0,37.876666666666665,-122.06	13.850415512465375,3.0,40.0,60.0,37.876666666666665,-122.03	26.315789473684212,3.0,40.0,60.0,37.876666666666665,-122.0	66.4819944598338,3.0,40.0,60.0,37.876666666666665,-121.97
587.2576177285318,3.0,36.0,58.0,37.87,-122.69	425.207756232687,3.0,37.0,58.0,37.87,-122.66	394.7368421052632,3.0,38.0,59.0,37.87,-122.63	199.4459833795014,3.0,39.0,60.0,37.87,-122.6	137.11911357340722,3.0,40.0,60.0,37.87,-122.57	74.79224376731302,3.0,40.0,60.0,37.87,-122.53999999999999	31.855955678670362,3.0,40.0,60.0,37.87,-122.50999999999999	70.63711911357342,3.0,40.0,60.0,37.87,-122.48	145.42936288088643,3.0,39.0,60.0,37.87,-122.45	229.91689750692524,3.0,39.0,59.0,37.87,-122.42	2.770083102493075,3.0,40.0,60.0,37.87,-122.39	0.0,3.0,40.0,60.0,37.87,-122.36	0.0,3.0,40.0,60.0,37.87,-122.33	0.0,3.0,40.0,60.0,37.87,-122.3	0.0,3.0,40.0,60.0,37.87,-122.27	0.0,3.0,40.0,60.0,37.87,-122.24	0.0,3.0,40.0,60.0,37.87,-122.21	2.770083102493075,3.0,40.0,60.0,37.87,-122.17999999999999	0.0,3.0,40.0,60.0,37.87,-122.15	18.005540166204987,3.0,40.0,60.0,37.87,-122.12	0.0,3.0,40.0,60.0,37.87,-122.09	0.0,3.0,40.0,60.0,37.87,-122.06	2.770083102493075,3.0,40.0,60.0,37.87,-122.03	13.850415512465375,3.0,40.0,60.0,37.87,-122.0	38.78116343490305,3.0,40.0,60.0,37.87,-121.97
530.4709141274238,3.0,37.0,58.0,37.86333333333334,-122.69	344.87534626038786,3.0,38.0,59.0,37.86333333333334,-122.66	206.37119113573408,3.0,39.0,60.0,37.86333333333334,-122.63	367.03601108033246,3.0,38.0,59.0,37.86333333333334,-122.6	170.36011080332412,3.0,39.0,60.0,37.86333333333334,-122.57	11.0803324099723,3.0,40.0,60.0,37.86333333333334,-122.53999999999999	5.54016620498615,3.0,40.0,60.0,37.86333333333334,-122.50999999999999	13.850415512465375,3.0,40.0,60.0,37.86333333333334,-122.48	5.54016620498615,3.0,40.0,60.0,37.86333333333334,-122.45	20.775623268698062,3.0,40.0,60.0,37.86333333333334,-122.42	121.8836565096953,3.0,40.0,60.0,37.86333333333334,-122.39	0.0,3.0,40.0,60.0,37.86333333333334,-122.36	0.0,3.0,40.0,60.0,37.86333333333334,-122.33	0.0,3.0,40.0,60.0,37.86333333333334,-122.3	0.0,3.0,40.0,60.0,37.86333333333334,-122.27	0.0,3.0,40.0,60.0,37.86333333333334,-122.24	0.0,3.0,40.0,60.0,37.86333333333334,-122.21	0.0,3.0,40.0,60.0,37.86333333333334,-122.17999999999999	0.0,3.0,40.0,60.0,37.86333333333334,-122.15	0.0,3.0,40.0,60.0,37.86333333333334,-122.12	0.0,3.0,40.0,60.0,37.86333333333334,-122.09	0.0,3.0,40.0,60.0,37.86333333333334,-122.06	0.0,3.0,40.0,60.0,37.86333333333334,-122.03	2.770083102493075,3.0,40.0,60.0,37.86333333333334,-122.0	13.850415512465375,3.0,40.0,60.0,37.86333333333334,-121.97
494.4598337950139,3.0,37.0,58.0,37.85666666666667,-122.69	256.23268698060946,3.0,39.0,59.0,37.85666666666667,-122.66	192.52077562326872,3.0,39.0,60.0,37.85666666666667,-122.63	139.88919667590028,3.0,39.0,60.0,37.85666666666667,-122.6	221.606648199446,3.0,39.0,59.0,37.85666666666667,-122.57	85.87257617728532,3.0,40.0,60.0,37.85666666666667,-122.53999999999999	-2.770083102493075,3.0,40.0,60.0,37.85666666666667,-122.50999999999999	48.47645429362881,3.0,40.0,60.0,37.85666666666667,-122.48	0.0,3.0,40.0,60.0,37.85666666666667,-122.45	0.0,3.0,40.0,60.0,37.85666666666667,-122.42	77.5623268698061,3.0,40.0,60.0,37.85666666666667,-122.39	127.42382271468145,3.0,40.0,60.0,37.85666666666667,-122.36	54.01662049861496,3.0,40.0,60.0,37.85666666666667,-122.33	0.0,3.0,40.0,60.0,37.85666666666667,-122.3	0.0,3.0,40.0,60.0,37.85666666666667,-122.27	0.0,3.0,40.0,60.0,37.85666666666667,-122.24	0.0,3.0,40.0,60.0,37.85666666666667,-122.21	0.0,3.0,40.0,60.0,37.85666666666667,-122.17999999999999	0.0,3.0,40.0,60.0,37.85666666666667,-122.15	0.0,3.0,40.0,60.0,37.85666666666667,-122.12	0.0,3.0,40.0,60.0,37.85666666666667,-122.09	0.0,3.0,40.0,60.0,37.85666666666667,-122.06	-1.3850415512465375,3.0,40.0,60.0,37.85666666666667,-122.03	0.0,3.0,40.0,60.0,37.85666666666667,-122.0	24.930747922437675,3.0,40.0,60.0,37.85666666666667,-121.97
365.6509695290859,3.0,38.0,59.0,37.85,-122.69	319.94459833795014,3.0,38.0,59.0,37.85,-122.66	96.95290858725762,3.0,40.0,60.0,37.85,-122.63	146.81440443213296,3.0,39.0,60.0,37.85,-122.6	229.91689750692524,3.0,39.0,59.0,37.85,-122.57	42.93628808864266,3.0,40.0,60.0,37.85,-122.53999999999999	30.470914127423825,3.0,40.0,60.0,37.85,-122.50999999999999	0.0,3.0,40.0,60.0,37.85,-122.48	2.770083102493075,3.0,40.0,60.0,37.85,-122.45	0.0,3.0,40.0,60.0,37.85,-122.42	0.0,3.0,40.0,60.0,37.85,-122.39	65.09695290858727,3.0,40.0,60.0,37.85,-122.36	213.29639889196676,3.0,39.0,59.0,37.85,-122.33	0.0,3.0,40.0,60.0,37.85,-122.3	0.0,3.0,40.0,60.0,37.85,-122.27	0.0,3.0,40.0,60.0,37.85,-122.24	0.0,3.0,40.0,60.0,37.85,-122.21	0.0,3.0,40.0,60.0,37.85,-122.17999999999999	0.0,3.0,40.0,60.0,37.85,-122.15	0.0,3.0,40.0,60.0,37.85,-122.12	0.0,3.0,40.0,60.0,37.85,-122.09	0.0,3.0,40.0,60.0,37.85,-122.06	0.0,3.0,40.0,60.0,37.85,-122.03	23.545706371191137,3.0,40.0,60.0,37.85,-122.0	12.465373961218837,3.0,40.0,60.0,37.85,-121.97
72.02216066481995,3.0,40.0,60.0,37.843333333333334,-122.69	198.06094182825487,3.0,39.0,60.0,37.843333333333334,-122.66	192.52077562326872,3.0,39.0,60.0,37.843333333333334,-122.63	279.77839335180056,3.0,38.0,59.0,37.843333333333334,-122.6	274.23822714681444,3.0,39.0,59.0,37.843333333333334,-122.57	109.41828254847647,3.0,40.0,60.0,37.843333333333334,-122.53999999999999	15.235457063711912,3.0,40.0,60.0,37.843333333333334,-122.50999999999999	72.02216066481995,3.0,40.0,60.0,37.843333333333334,-122.48	0.0,3.0,40.0,60.0,37.843333333333334,-122.45	0.0,3.0,40.0,60.0,37.843333333333334,-122.42	0.0,3.0,40.0,60.0,37.843333333333334,-122.39	0.0,3.0,40.0,60.0,37.843333333333334,-122.36	91.41274238227147,3.0,40.0,60.0,37.843333333333334,-122.33	0.0,3.0,40.0,60.0,37.843333333333334,-122.3	0.0,3.0,40.0,60.0,37.843333333333334,-122.27	0.0,3.0,40.0,60.0,37.843333333333334,-122.24	0.0,3.0,40.0,60.0,37.843333333333334,-122.21	0.0,3.0,40.0,60.0,37.843333333333334,-122.17999999999999	0.0,3.0,40.0,60.0,37.843333333333334,-122.15	0.0,3.0,40.0,60.0,37.843333333333334,-122.12	0.0,3.0,40.0,60.0,37.843333333333334,-122.09	0.0,3.0,40.0,60.0,37.843333333333334,-122.06	0.0,3.0,40.0,60.0,37.843333333333334,-122.03	0.0,3.0,40.0,60.0,37.843333333333334,-122.0	9.695290858725762,3.0,40.0,60.0,37.843333333333334,-121.97
0.0,3.0,40.0,60.0,37.836666666666666,-122.69	167.59002770083103,3.0,39.0,60.0,37.836666666666666,-122.66	109.41828254847647,3.0,40.0,60.0,37.836666666666666,-122.63	127.42382271468145,3.0,40.0,60.0,37.836666666666666,-122.6	362.88088642659284,3.0,38.0,59.0,37.836666666666666,-122.57	293.6288088642659,3.0,38.0,59.0,37.836666666666666,-122.53999999999999	56.78670360110804,3.0,40.0,60.0,37.836666666666666,-122.50999999999999	31.855955678670362,3.0,40.0,60.0,37.836666666666666,-122.48	5.54016620498615,3.0,40.0,60.0,37.836666666666666,-122.45	0.0,3.0,40.0,60.0,37.836666666666666,-122.42	0.0,3.0,40.0,60.0,37.836666666666666,-122.39	70.63711911357342,3.0,40.0,60.0,37.836666666666666,-122.36	0.0,3.0,40.0,60.0,37.836666666666666,-122.33	0.0,3.0,40.0,60.0,37.836666666666666,-122.3	23.545706371191137,3.0,40.0,60.0,37.836666666666666,-122.27	0.0,3.0,40.0,60.0,37.836666666666666,-122.24	0.0,3.0,40.0,60.0,37.836666666666666,-122.21	0.0,3.0,40.0,60.0,37.836666666666666,-122.17999999999999	0.0,3.0,40.0,60.0,37.836666666666666,-122.15	0.0,3.0,40.0,60.0,37.836666666666666,-122.12	0.0,3.0,40.0,60.0,37.836666666666666,-122.09	0.0,3.0,40.0,60.0,37.836666666666666,-122.06	0.0,3.0,40.0,60.0,37.836666666666666,-122.03	-1.3850415512465375,3.0,40.0,60.0,37.836666666666666,-122.0	6.9252077562326875,3.0,40.0,60.0,37.836666666666666,-121.97
0.0,3.0,40.0,60.0,37.83,-122.69	0.0,3.0,40.0,60.0,37.83,-122.66	12.465373961218837,3.0,40.0,60.0,37.83,-122.63	139.88919667590028,3.0,39.0,60.0,37.83,-122.6	261.7728531855956,3.0,39.0,59.0,37.83,-122.57	139.88919667590028,3.0,39.0,60.0,37.83,-122.53999999999999	272.8531855955679,3.0,39.0,59.0,37.83,-122.50999999999999	181.44044321329642,3.0,39.0,60.0,37.83,-122.48	92.79778393351802,3.0,40.0,60.0,37.83,-122.45	2.770083102493075,3.0,40.0,60.0,37.83,-122.42	0.0,3.0,40.0,60.0,37.83,-122.39	0.0,3.0,40.0,60.0,37.83,-122.36	0.0,3.0,40.0,60.0,37.83,-122.33	134.34903047091413,3.0,40.0,60.0,37.83,-122.3	180.05540166204986,3.0,39.0,60.0,37.83,-122.27	0.0,3.0,40.0,60.0,37.83,-122.24	0.0,3.0,40.0,60.0,37.83,-122.21	0.0,3.0,40.0,60.0,37.83,-122.17999999999999	0.0,3.0,40.0,60.0,37.83,-122.15	0.0,3.0,40.0,60.0,37.83,-122.12	0.0,3.0,40.0,60.0,37.83,-122.09	0.0,3.0,40.0,60.0,37.83,-122.06	0.0,3.0,40.0,60.0,37.83,-122.03	0.0,3.0,40.0,60.0,37.83,-122.0	-1.3850415512465375,3.0,40.0,60.0,37.83,-121.97
0.0,3.0,40.0,60.0,37.82333333333333,-122.69	0.0,3.0,40.0,60.0,37.82333333333333,-122.66	0.0,3.0,40.0,60.0,37.82333333333333,-122.63	41.551246537396125,3.0,40.0,60.0,37.82333333333333,-122.6	238.22714681440445,3.0,39.0,59.0,37.82333333333333,-122.57	54.01662049861496,3.0,40.0,60.0,37.82333333333333,-122.53999999999999	412.74238227146816,3.0,38.0,59.0,37.82333333333333,-122.50999999999999	220.22160664819947,3.0,39.0,59.0,37.82333333333333,-122.48	358.7257617728532,3.0,38.0,59.0,37.82333333333333,-122.45	206.37119113573408,3.0,39.0,60.0,37.82333333333333,-122.42	0.0,3.0,40.0,60.0,37.82333333333333,-122.39	0.0,3.0,40.0,60.0,37.82333333333333,-122.36	0.0,3.0,40.0,60.0,37.82333333333333,-122.33	0.0,3.0,40.0,60.0,37.82333333333333,-122.3	0.0,3.0,40.0,60.0,37.82333333333333,-122.27	0.0,3.0,40.0,60.0,37.82333333333333,-122.24	0.0,3.0,40.0,60.0,37.82333333333333,-122.21	0.0,3.0,40.0,60.0,37.82333333333333,-122.17999999999999	0.0,3.0,40.0,60.0,37.82333333333333,-122.15	0.0,3.0,40.0,60.0,37.82333333333333,-122.12	0.0,3.0,40.0,60.0,37.82333333333333,-122.09	0.0,3.0,40.0,60.0,37.82333333333333,-122.06	0.0,3.0,40.0,60.0,37.82333333333333,-122.03	0.0,3.0,40.0,60.0,37.82333333333333,-122.0	0.0,3.0,40.0,60.0,37.82333333333333,-121.97
0.0,3.0,40.0,60.0,37.81666666666667,-122.69	0.0,3.0,40.0,60.0,37.81666666666667,-122.66	0.0,3.0,40.0,60.0,37.81666666666667,-122.63	0.0,3.0,40.0,60.0,37.81666666666667,-122.6	51.24653739612189,3.0,40.0,60.0,37.81666666666667,-122.57	204.98614958448755,3.0,39.0,60.0,37.81666666666667,-122.53999999999999	267.31301939058176,3.0,39.0,59.0,37.81666666666667,-122.50999999999999	54.01662049861496,3.0,40.0,60.0,37.81666666666667,-122.48	256.23268698060946,3.0,39.0,59.0,37.81666666666667,-122.45	293.6288088642659,3.0,38.0,59.0,37.81666666666667,-122.42	0.0,3.0,40.0,60.0,37.81666666666667,-122.39	0.0,3.0,40.0,60.0,37.81666666666667,-122.36	0.0,3.0,40.0,60.0,37.81666666666667,-122.33	0.0,3.0,40.0,60.0,37.81666666666667,-122.3	0.0,3.0,40.0,60.0,37.81666666666667,-122.27	0.0,3.0,40.0,60.0,37.81666666666667,-122.24	0.0,3.0,40.0,60.0,37.81666666666667,-122.21	0.0,3.0,40.0,60.0,37.81666666666667,-122.17999999999999	0.0,3.0,40.0,60.0,37.81666666666667,-122.15	0.0,3.0,40.0,60.0,37.81666666666667,-122.12	0.0,3.0,40.0,60.0,37.81666666666667,-122.09	0.0,3.0,40.0,60.0,37.81666666666667,-122.06	0.0,3.0,40.0,60.0,37.81666666666667,-122.03	0.0,3.0,40.0,60.0,37.81666666666667,-122.0	0.0,3.0,40.0,60.0,37.81666666666667,-121.97
0.0,3.0,40.0,60.0,37.81,-122.69	0.0,3.0,40.0,60.0,37.81,-122.66	0.0,3.0,40.0,60.0,37.81,-122.63	0.0,3.0,40.0,60.0,37.81,-122.6	0.0,3.0,40.0,60.0,37.81,-122.57	80.33240997229917,3.0,40.0,60.0,37.81,-122.53999999999999	167.59002770083103,3.0,39.0,60.0,37.81,-122.50999999999999	134.34903047091413,3.0,40.0,60.0,37.81,-122.48	87.25761772853187,3.0,40.0,60.0,37.81,-122.45	314.404432132964,3.0,38.0,59.0,37.81,-122.42	27.70083102493075,3.0,40.0,60.0,37.81,-122.39	0.0,3.0,40.0,60.0,37.81,-122.36	0.0,3.0,40.0,60.0,37.81,-122.33	0.0,3.0,40.0,60.0,37.81,-122.3	0.0,3.0,40.0,60.0,37.81,-122.27	0.0,3.0,40.0,60.0,37.81,-122.24	0.0,3.0,40.0,60.0,37.81,-122.21	0.0,3.0,40.0,60.0,37.81,-122.17999999999999	0.0,3.0,40.0,60.0,37.81,-122.15	0.0,3.0,40.0,60.0,37.81,-122.12	0.0,3.0,40.0,60.0,37.81,-122.09	0.0,3.0,40.0,60.0,37.81,-122.06	0.0,3.0,40.0,60.0,37.81,-122.03	0.0,3.0,40.0,60.0,37.81,-122.0	-1.3850415512465375,3.0,40.0,60.0,37.81,-121.97
0.0,3.0,40.0,60.0,37.803333333333335,-122.69	0.0,3.0,40.0,60.0,37.803333333333335,-122.66	0.0,3.0,40.0,60.0,37.803333333333335,-122.63	0.0,3.0,40.0,60.0,37.803333333333335,-122.6	0.0,3.0,40.0,60.0,37.803333333333335,-122.57	0.0,3.0,40.0,60.0,37.803333333333335,-122.53999999999999	84.48753462603878,3.0,40.0,60.0,37.803333333333335,-122.50999999999999	120.49861495844877,3.0,40.0,60.0,37.803333333333335,-122.48	337.9501385041551,3.0,38.0,59.0,37.803333333333335,-122.45	83.10249307479225,3.0,40.0,60.0,37.803333333333335,-122.42	0.0,3.0,40.0,60.0,37.803333333333335,-122.39	0.0,3.0,40.0,60.0,37.803333333333335,-122.36	0.0,3.0,40.0,60.0,37.803333333333335,-122.33	0.0,3.0,40.0,60.0,37.803333333333335,-122.3	0.0,3.0,40.0,60.0,37.803333333333335,-122.27	0.0,3.0,40.0,60.0,37.803333333333335,-122.24	0.0,3.0,40.0,60.0,37.803333333333335,-122.21	0.0,3.0,40.0,60.0,37.803333333333335,-122.17999999999999	4.1551246537396125,3.0,40.0,60.0,37.803333333333335,-122.15	0.0,3.0,40.0,60.0,37.803333333333335,-122.12	0.0,3.0,40.0,60.0,37.803333333333335,-122.09	0.0,3.0,40.0,60.0,37.803333333333335,-122.06	0.0,3.0,40.0,60.0,37.803333333333335,-122.03	0.0,3.0,40.0,60.0,37.803333333333335,-122.0	0.0,3.0,40.0,60.0,37.803333333333335,-121.97
0.0,3.0,40.0,60.0,37.79666666666667,-122.69	0.0,3.0,40.0,60.0,37.79666666666667,-122.66	0.0,3.0,40.0,60.0,37.79666666666667,-122.63	0.0,3.0,40.0,60.0,37.79666666666667,-122.6	0.0,3.0,40.0,60.0,37.79666666666667,-122.57	0.0,3.0,40.0,60.0,37.79666666666667,-122.53999999999999	16.62049861495845,3.0,40.0,60.0,37.79666666666667,-122.50999999999999	0.0,3.0,40.0,60.0,37.79666666666667,-122.48	58.171745152354575,3.0,40.0,60.0,37.79666666666667,-122.45	0.0,3.0,40.0,60.0,37.79666666666667,-122.42	0.0,3.0,40.0,60.0,37.79666666666667,-122.39	0.0,3.0,40.0,60.0,37.79666666666667,-122.36	0.0,3.0,40.0,60.0,37.79666666666667,-122.33	0.0,3.0,40.0,60.0,37.79666666666667,-122.3	0.0,3.0,40.0,60.0,37.79666666666667,-122.27	0.0,3.0,40.0,60.0,37.79666666666667,-122.24	0.0,3.0,40.0,60.0,37.79666666666667,-122.21	0.0,3.0,40.0,60.0,37.79666666666667,-122.17999999999999	0.0,3.0,40.0,60.0,37.79666666666667,-122.15	1.3850415512465375,3.0,40.0,60.0,37.79666666666667,-122.12	0.0,3.0,40.0,60.0,37.79666666666667,-122.09	0.0,3.0,40.0,60.0,37.79666666666667,-122.06	6.9252077562326875,3.0,40.0,60.0,37.79666666666667,-122.03	0.0,3.0,40.0,60.0,37.79666666666667,-122.0	1.3850415512465375,3.0,40.0,60.0,37.79666666666667,-121.97
0.0,3.0,40.0,60.0,37.79,-122.69	0.0,3.0,40.0,60.0,37.79,-122.66	0.0,3.0,40.0,60.0,37.79,-122.63	0.0,3.0,40.0,60.0,37.79,-122.6	0.0,3.0,40.0,60.0,37.79,-122.57	0.0,3.0,40.0,60.0,37.79,-122.53999999999999	0.0,3.0,40.0,60.0,37.79,-122.50999999999999	0.0,3.0,40.0,60.0,37.79,-122.48	0.0,3.0,40.0,60.0,37.79,-122.45	0.0,3.0,40.0,60.0,37.79,-122.42	0.0,3.0,40.0,60.0,37.79,-122.39	0.0,3.0,40.0,60.0,37.79,-122.36	0.0,3.0,40.0,60.0,37.79,-122.33	0.0,3.0,40.0,60.0,37.79,-122.3	0.0,3.0,40.0,60.0,37.79,-122.27	0.0,3.0,40.0,60.0,37.79,-122.24	0.0,3.0,40.0,60.0,37.79,-122.21	0.0,3.0,40.0,60.0,37.79,-122.17999999999999	0.0,3.0,40.0,60.0,37.79,-122.15	0.0,3.0,40.0,60.0,37.79,-122.12	0.0,3.0,40.0,60.0,37.79,-122.09	0.0,3.0,40.0,60.0,37.79,-122.06	0.0,3.0,40.0,60.0,37.79,-122.03	4.1551246537396125,3.0,40.0,60.0,37.79,-122.0	5.54016620498615,3.0,40.0,60.0,37.79,-121.97
0.0,3.0,40.0,60.0,37.78333333333333,-122.69	0.0,3.0,40.0,60.0,37.78333333333333,-122.66	0.0,3.0,40.0,60.0,37.78333333333333,-122.63	0.0,3.0,40.0,60.0,37.78333333333333,-122.6	0.0,3.0,40.0,60.0,37.78333333333333,-122.57	0.0,3.0,40.0,60.0,37.78333333333333,-122.53999999999999	0.0,3.0,40.0,60.0,37.78333333333333,-122.50999999999999	0.0,3.0,40.0,60.0,37.78333333333333,-122.48	0.0,3.0,40.0,60.0,37.78333333333333,-122.45	0.0,3.0,40.0,60.0,37.78333333333333,-122.42	91.41274238227147,3.0,40.0,60.0,37.78333333333333,-122.39	0.0,3.0,40.0,60.0,37.78333333333333,-122.36	1.3850415512465375,3.0,40.0,60.0,37.78333333333333,-122.33	9.695290858725762,3.0,40.0,60.0,37.78333333333333,-122.3	45.70637119113574,3.0,40.0,60.0,37.78333333333333,-122.27	8.310249307479225,3.0,40.0,60.0,37.78333333333333,-122.24	15.235457063711912,3.0,40.0,60.0,37.78333333333333,-122.21	0.0,3.0,40.0,60.0,37.78333333333333,-122.17999999999999	0.0,3.0,40.0,60.0,37.78333333333333,-122.15	0.0,3.0,40.0,60.0,37.78333333333333,-122.12	0.0,3.0,40.0,60.0,37.78333333333333,-122.09	4.1551246537396125,3.0,40.0,60.0,37.78333333333333,-122.06	0.0,3.0,40.0,60.0,37.78333333333333,-122.03	2.770083102493075,3.0,40.0,60.0,37.78333333333333,-122.0	13.850415512465375,3.0,40.0,60.0,37.78333333333333,-121.97
0.0,3.0,40.0,60.0,37.77666666666667,-122.69	0.0,3.0,40.0,60.0,37.77666666666667,-122.66	0.0,3.0,40.0,60.0,37.77666666666667,-122.63	0.0,3.0,40.0,60.0,37.77666666666667,-122.6	0.0,3.0,40.0,60.0,37.77666666666667,-122.57	0.0,3.0,40.0,60.0,37.77666666666667,-122.53999999999999	0.0,3.0,40.0,60.0,37.77666666666667,-122.50999999999999	0.0,3.0,40.0,60.0,37.77666666666667,-122.48	0.0,3.0,40.0,60.0,37.77666666666667,-122.45	0.0,3.0,40.0,60.0,37.77666666666667,-122.42	164.81994459833797,3.0,39.0,60.0,37.77666666666667,-122.39	148.19944598337952,3.0,39.0,60.0,37.77666666666667,-122.36	63.711911357340725,3.0,40.0,60.0,37.77666666666667,-122.33	40.16620498614959,3.0,40.0,60.0,37.77666666666667,-122.3	58.171745152354575,3.0,40.0,60.0,37.77666666666667,-122.27	112.18836565096953,3.0,40.0,60.0,37.77666666666667,-122.24	26.315789473684212,3.0,40.0,60.0,37.77666666666667,-122.21	0.0,3.0,40.0,60.0,37.77666666666667,-122.17999999999999	0.0,3.0,40.0,60.0,37.77666666666667,-122.15	0.0,3.0,40.0,60.0,37.77666666666667,-122.12	0.0,3.0,40.0,60.0,37.77666666666667,-122.09	0.0,3.0,40.0,60.0,37.77666666666667,-122.06	0.0,3.0,40.0,60.0,37.77666666666667,-122.03	2.770083102493075,3.0,40.0,60.0,37.77666666666667,-122.0	0.0,3.0,40.0,60.0,37.77666666666667,-121.97
0.0,3.0,40.0,60.0,37.77,-122.69	0.0,3.0,40.0,60.0,37.77,-122.66	0.0,3.0,40.0,60.0,37.77,-122.63	0.0,3.0,40.0,60.0,37.77,-122.6	0.0,3.0,40.0,60.0,37.77,-122.57	0.0,3.0,40.0,60.0,37.77,-122.53999999999999	0.0,3.0,40.0,60.0,37.77,-122.50999999999999	0.0,3.0,40.0,60.0,37.77,-122.48	-6.9252077562326875,3.0,40.0,60.0,37.77,-122.45	41.551246537396125,3.0,40.0,60.0,37.77,-122.42	87.25761772853187,3.0,40.0,60.0,37.77,-122.39	101.10803324099723,3.0,40.0,60.0,37.77,-122.36	126.03878116343492,3.0,40.0,60.0,37.77,-122.33	83.10249307479225,3.0,40.0,60.0,37.77,-122.3	112.18836565096953,3.0,40.0,60.0,37.77,-122.27	80.33240997229917,3.0,40.0,60.0,37.77,-122.24	62.32686980609419,3.0,40.0,60.0,37.77,-122.21	19.390581717451525,3.0,40.0,60.0,37.77,-122.17999999999999	0.0,3.0,40.0,60.0,37.77,-122.15	0.0,3.0,40.0,60.0,37.77,-122.12	0.0,3.0,40.0,60.0,37.77,-122.09	0.0,3.0,40.0,60.0,37.77,-122.06	1.3850415512465375,3.0,40.0,60.0,37.77,-122.03	0.0,3.0,40.0,60.0,37.77,-122.0	6.9252077562326875,3.0,40.0,60.0,37.77,-121.97
0.0,3.0,40.0,60.0,37.763333333333335,-122.69	0.0,3.0,40.0,60.0,37.763333333333335,-122.66	0.0,3.0,40.0,60.0,37.763333333333335,-122.63	0.0,3.0,40.0,60.0,37.763333333333335,-122.6	0.0,3.0,40.0,60.0,37.763333333333335,-122.57	0.0,3.0,40.0,60.0,37.763333333333335,-122.53999999999999	0.0,3.0,40.0,60.0,37.763333333333335,-122.50999999999999	6.9252077562326875,3.0,40.0,60.0,37.763333333333335,-122.48	127.42382271468145,3.0,40.0,60.0,37.763333333333335,-122.45	77.5623268698061,3.0,40.0,60.0,37.763333333333335,-122.42	66.4819944598338,3.0,40.0,60.0,37.763333333333335,-122.39	81.71745152354572,3.0,40.0,60.0,37.763333333333335,-122.36	132.9639889196676,3.0,40.0,60.0,37.763333333333335,-122.33	81.71745152354572,3.0,40.0,60.0,37.763333333333335,-122.3	42.93628808864266,3.0,40.0,60.0,37.763333333333335,-122.27	30.470914127423825,3.0,40.0,60.0,37.763333333333335,-122.24	5.54016620498615,3.0,40.0,60.0,37.763333333333335,-122.21	4.1551246537396125,3.0,40.0,60.0,37.763333333333335,-122.17999999999999	0.0,3.0,40.0,60.0,37.763333333333335,-122.15	0.0,3.0,40.0,60.0,37.763333333333335,-122.12	0.0,3.0,40.0,60.0,37.763333333333335,-122.09	0.0,3.0,40.0,60.0,37.763333333333335,-122.06	0.0,3.0,40.0,60.0,37.763333333333335,-122.03	1.3850415512465375,3.0,40.0,60.0,37.763333333333335,-122.0	2.770083102493075,3.0,40.0,60.0,37.763333333333335,-121.97
0.0,3.0,40.0,60.0,37.75666666666667,-122.69	0.0,3.0,40.0,60.0,37.75666666666667,-122.66	0.0,3.0,40.0,60.0,37.75666666666667,-122.63	0.0,3.0,40.0,60.0,37.75666666666667,-122.6	0.0,3.0,40.0,60.0,37.75666666666667,-122.57	0.0,3.0,40.0,60.0,37.75666666666667,-122.53999999999999	0.0,3.0,40.0,60.0,37.75666666666667,-122.50999999999999	0.0,3.0,40.0,60.0,37.75666666666667,-122.48	58.171745152354575,3.0,40.0,60.0,37.75666666666667,-122.45	73.40720221606648,3.0,40.0,60.0,37.75666666666667,-122.42	95.56786703601108,3.0,40.0,60.0,37.75666666666667,-122.39	106.64819944598338,3.0,40.0,60.0,37.75666666666667,-122.36	119.11357340720222,3.0,40.0,60.0,37.75666666666667,-122.33	83.10249307479225,3.0,40.0,60.0,37.75666666666667,-122.3	62.32686980609419,3.0,40.0,60.0,37.75666666666667,-122.27	19.390581717451525,3.0,40.0,60.0,37.75666666666667,-122.24	4.1551246537396125,3.0,40.0,60.0,37.75666666666667,-122.21	2.770083102493075,3.0,40.0,60.0,37.75666666666667,-122.17999999999999	0.0,3.0,40.0,60.0,37.75666666666667,-122.15	0.0,3.0,40.0,60.0,37.75666666666667,-122.12	0.0,3.0,40.0,60.0,37.75666666666667,-122.09	0.0,3.0,40.0,60.0,37.75666666666667,-122.06	0.0,3.0,40.0,60.0,37.75666666666667,-122.03	0.0,3.0,40.0,60.0,37.75666666666667,-122.0	1.3850415512465375,3.0,40.0,60.0,37.75666666666667,-121.97
0.0,3.0,40.0,60.0,37.75,-122.69	0.0,3.0,40.0,60.0,37.75,-122.66	0.0,3.0,40.0,60.0,37.75,-122.63	0.0,3.0,40.0,60.0,37.75,-122.6	0.0,3.0,40.0,60.0,37.75,-122.57	0.0,3.0,40.0,60.0,37.75,-122.53999999999999	0.0,3.0,40.0,60.0,37.75,-122.50999999999999	0.0,3.0,40.0,60.0,37.75,-122.48	54.01662049861496,3.0,40.0,60.0,37.75,-122.45	84.48753462603878,3.0,40.0,60.0,37.75,-122.42	101.10803324099723,3.0,40.0,60.0,37.75,-122.39	120.49861495844877,3.0,40.0,60.0,37.75,-122.36	141.27423822714684,3.0,39.0,60.0,37.75,-122.33	152.35457063711914,3.0,39.0,60.0,37.75,-122.3	34.62603878116344,3.0,40.0,60.0,37.75,-122.27	15.235457063711912,3.0,40.0,60.0,37.75,-122.24	8.310249307479225,3.0,40.0,60.0,37.75,-122.21	2.770083102493075,3.0,40.0,60.0,37.75,-122.17999999999999	0.0,3.0,40.0,60.0,37.75,-122.15	0.0,3.0,40.0,60.0,37.75,-122.12	0.0,3.0,40.0,60.0,37.75,-122.09	0.0,3.0,40.0,60.0,37.75,-122.06	0.0,3.0,40.0,60.0,37.75,-122.03	0.0,3.0,40.0,60.0,37.75,-122.0	0.0,3.0,40.0,60.0,37.75,-121.97
0.0,3.0,40.0,60.0,37.74333333333333,-122.69	0.0,3.0,40.0,60.0,37.74333333333333,-122.66	0.0,3.0,40.0,60.0,37.74333333333333,-122.63	0.0,3.0,40.0,60.0,37.74333333333333,-122.6	0.0,3.0,40.0,60.0,37.74333333333333,-122.57	0.0,3.0,40.0,60.0,37.74333333333333,-122.53999999999999	0.0,3.0,40.0,60.0,37.74333333333333,-122.50999999999999	0.0,3.0,40.0,60.0,37.74333333333333,-122.48	41.551246537396125,3.0,40.0,60.0,37.74333333333333,-122.45	109.41828254847647,3.0,40.0,60.0,37.74333333333333,-122.42	149.58448753462605,3.0,39.0,60.0,37.74333333333333,-122.39	157.89473684210526,3.0,39.0,60.0,37.74333333333333,-122.36	321.3296398891967,3.0,38.0,59.0,37.74333333333333,-122.33	134.34903047091413,3.0,40.0,60.0,37.74333333333333,-122.3	76.17728531855957,3.0,40.0,60.0,37.74333333333333,-122.27	19.390581717451525,3.0,40.0,60.0,37.74333333333333,-122.24	112.18836565096953,3.0,40.0,60.0,37.74333333333333,-122.21	11.0803324099723,3.0,40.0,60.0,37.74333333333333,-122.17999999999999	0.0,3.0,40.0,60.0,37.74333333333333,-122.15	0.0,3.0,40.0,60.0,37.74333333333333,-122.12	0.0,3.0,40.0,60.0,37.74333333333333,-122.09	0.0,3.0,40.0,60.0,37.74333333333333,-122.06	0.0,3.0,40.0,60.0,37.74333333333333,-122.03	0.0,3.0,40.0,60.0,37.74333333333333,-122.0	0.0,3.0,40.0,60.0,37.74333333333333,-121.97
0.0,3.0,40.0,60.0,37.736666666666665,-122.69	0.0,3.0,40.0,60.0,37.736666666666665,-122.66	0.0,3.0,40.0,60.0,37.736666666666665,-122.63	0.0,3.0,40.0,60.0,37.736666666666665,-122.6	0.0,3.0,40.0,60.0,37.736666666666665,-122.57	0.0,3.0,40.0,60.0,37.736666666666665,-122.53999999999999	0.0,3.0,40.0,60.0,37.736666666666665,-122.50999999999999	0.0,3.0,40.0,60.0,37.736666666666665,-122.48	34.62603878116344,3.0,40.0,60.0,37.736666666666665,-122.45	120.49861495844877,3.0,40.0,60.0,37.736666666666665,-122.42	188.3656509695291,3.0,39.0,60.0,37.736666666666665,-122.39	260.3878116343491,3.0,39.0,59.0,37.736666666666665,-122.36	303.3240997229917,3.0,38.0,59.0,37.736666666666665,-122.33	155.1246537396122,3.0,39.0,60.0,37.736666666666665,-122.3	62.32686980609419,3.0,40.0,60.0,37.736666666666665,-122.27	22.1606648199446,3.0,40.0,60.0,37.736666666666665,-122.24	8.310249307479225,3.0,40.0,60.0,37.736666666666665,-122.21	-2.770083102493075,3.0,40.0,60.0,37.736666666666665,-122.17999999999999	-8.310249307479225,3.0,40.0,60.0,37.736666666666665,-122.15	0.0,3.0,40.0,60.0,37.736666666666665,-122.12	0.0,3.0,40.0,60.0,37.736666666666665,-122.09	0.0,3.0,40.0,60.0,37.736666666666665,-122.06	0.0,3.0,40.0,60.0,37.736666666666665,-122.03	0.0,3.0,40.0,60.0,37.736666666666665,-122.0	0.0,3.0,40.0,60.0,37.736666666666665,-121.97
0.0,3.0,40.0,60.0,37.730000000000004,-122.69	0.0,3.0,40.0,60.0,37.730000000000004,-122.66	0.0,3.0,40.0,60.0,37.730000000000004,-122.63	0.0,3.0,40.0,60.0,37.730000000000004,-122.6	0.0,3.0,40.0,60.0,37.730000000000004,-122.57	0.0,3.0,40.0,60.0,37.730000000000004,-122.53999999999999	0.0,3.0,40.0,60.0,37.730000000000004,-122.50999999999999	0.0,3.0,40.0,60.0,37.730000000000004,-122.48	37.39612188365651,3.0,40.0,60.0,37.730000000000004,-122.45	77.5623268698061,3.0,40.0,60.0,37.730000000000004,-122.42	121.8836565096953,3.0,40.0,60.0,37.730000000000004,-122.39	164.81994459833797,3.0,39.0,60.0,37.730000000000004,-122.36	283.9335180055402,3.0,38.0,59.0,37.730000000000004,-122.33	239.61218836565098,3.0,39.0,59.0,37.730000000000004,-122.3	78.94736842105263,3.0,40.0,60.0,37.730000000000004,-122.27	99.7229916897507,3.0,40.0,60.0,37.730000000000004,-122.24	5.54016620498615,3.0,40.0,60.0,37.730000000000004,-122.21	4.1551246537396125,3.0,40.0,60.0,37.730000000000004,-122.17999999999999	4.1551246537396125,3.0,40.0,60.0,37.730000000000004,-122.15	0.0,3.0,40.0,60.0,37.730000000000004,-122.12	0.0,3.0,40.0,60.0,37.730000000000004,-122.09	0.0,3.0,40.0,60.0,37.730000000000004,-122.06	0.0,3.0,40.0,60.0,37.730000000000004,-122.03	0.0,3.0,40.0,60.0,37.730000000000004,-122.0	0.0,3.0,40.0,60.0,37.730000000000004,-121.97
0.0,3.0,40.0,60.0,37.723333333333336,-122.69	0.0,3.0,40.0,60.0,37.723333333333336,-122.66	0.0,3.0,40.0,60.0,37.723333333333336,-122.63	0.0,3.0,40.0,60.0,37.723333333333336,-122.6	0.0,3.0,40.0,60.0,37.723333333333336,-122.57	0.0,3.0,40.0,60.0,37.723333333333336,-122.53999999999999	0.0,3.0,40.0,60.0,37.723333333333336,-122.50999999999999	0.0,3.0,40.0,60.0,37.723333333333336,-122.48	26.315789473684212,3.0,40.0,60.0,37.723333333333336,-122.45	49.86149584487535,3.0,40.0,60.0,37.723333333333336,-122.42	101.10803324099723,3.0,40.0,60.0,37.723333333333336,-122.39	189.75069252077563,3.0,39.0,60.0,37.723333333333336,-122.36	238.22714681440445,3.0,39.0,59.0,37.723333333333336,-122.33	110.803324099723,3.0,40.0,60.0,37.723333333333336,-122.3	83.10249307479225,3.0,40.0,60.0,37.723333333333336,-122.27	20.775623268698062,3.0,40.0,60.0,37.723333333333336,-122.24	48.47645429362881,3.0,40.0,60.0,37.723333333333336,-122.21	41.551246537396125,3.0,40.0,60.0,37.723333333333336,-122.17999999999999	6.9252077562326875,3.0,40.0,60.0,37.723333333333336,-122.15	0.0,3.0,40.0,60.0,37.723333333333336,-122.12	0.0,3.0,40.0,60.0,37.723333333333336,-122.09	0.0,3.0,40.0,60.0,37.723333333333336,-122.06	0.0,3.0,40.0,60.0,37.723333333333336,-122.03	0.0,3.0,40.0,60.0,37.723333333333336,-122.0	0.0,3.0,40.0,60.0,37.723333333333336,-121.97
0.0,3.0,40.0,60.0,37.71666666666667,-122.69	0.0,3.0,40.0,60.0,37.71666666666667,-122.66	0.0,3.0,40.0,60.0,37.71666666666667,-122.63	0.0,3.0,40.0,60.0,37.71666666666667,-122.6	0.0,3.0,40.0,60.0,37.71666666666667,-122.57	0.0,3.0,40.0,60.0,37.71666666666667,-122.53999999999999	0.0,3.0,40.0,60.0,37.71666666666667,-122.50999999999999	0.0,3.0,40.0,60.0,37.71666666666667,-122.48	6.9252077562326875,3.0,40.0,60.0,37.71666666666667,-122.45	30.470914127423825,3.0,40.0,60.0,37.71666666666667,-122.42	66.4819944598338,3.0,40.0,60.0,37.71666666666667,-122.39	109.41828254847647,3.0,40.0,60.0,37.71666666666667,-122.36	150.96952908587258,3.0,39.0,60.0,37.71666666666667,-122.33	55.4016620498615,3.0,40.0,60.0,37.71666666666667,-122.3	146.81440443213296,3.0,39.0,60.0,37.71666666666667,-122.27	73.40720221606648,3.0,40.0,60.0,37.71666666666667,-122.24	19.390581717451525,3.0,40.0,60.0,37.71666666666667,-122.21	4.1551246537396125,3.0,40.0,60.0,37.71666666666667,-122.17999999999999	4.1551246537396125,3.0,40.0,60.0,37.71666666666667,-122.15	0.0,3.0,40.0,60.0,37.71666666666667,-122.12	0.0,3.0,40.0,60.0,37.71666666666667,-122.09	0.0,3.0,40.0,60.0,37.71666666666667,-122.06	0.0,3.0,40.0,60.0,37.71666666666667,-122.03	0.0,3.0,40.0,60.0,37.71666666666667,-122.0	0.0,3.0,40.0,60.0,37.71666666666667,-121.97
0.0,3.0,40.0,60.0,37.71,-122.69	0.0,3.0,40.0,60.0,37.71,-122.66	0.0,3.0,40.0,60.0,37.71,-122.63	0.0,3.0,40.0,60.0,37.71,-122.6	0.0,3.0,40.0,60.0,37.71,-122.57	0.0,3.0,40.0,60.0,37.71,-122.53999999999999	0.0,3.0,40.0,60.0,37.71,-122.50999999999999	0.0,3.0,40.0,60.0,37.71,-122.48	63.711911357340725,3.0,40.0,60.0,37.71,-122.45	16.62049861495845,3.0,40.0,60.0,37.71,-122.42	70.63711911357342,3.0,40.0,60.0,37.71,-122.39	198.06094182825487,3.0,39.0,60.0,37.71,-122.36	146.81440443213296,3.0,39.0,60.0,37.71,-122.33	91.41274238227147,3.0,40.0,60.0,37.71,-122.3	153.73961218836567,3.0,39.0,60.0,37.71,-122.27	150.96952908587258,3.0,39.0,60.0,37.71,-122.24	78.94736842105263,3.0,40.0,60.0,37.71,-122.21	6.9252077562326875,3.0,40.0,60.0,37.71,-122.17999999999999	0.0,3.0,40.0,60.0,37.71,-122.15	0.0,3.0,40.0,60.0,37.71,-122.12	0.0,3.0,40.0,60.0,37.71,-122.09	0.0,3.0,40.0,60.0,37.71,-122.06	0.0,3.0,40.0,60.0,37.71,-122.03	0.0,3.0,40.0,60.0,37.71,-122.0	0.0,3.0,40.0,60.0,37.71,-121.97
0.0,3.0,40.0,60.0,37.70333333333333,-122.69	0.0,3.0,40.0,60.0,37.70333333333333,-122.66	0.0,3.0,40.0,60.0,37.70333333333333,-122.63	0.0,3.0,40.0,60.0,37.70333333333333,-122.6	0.0,3.0,40.0,60.0,37.70333333333333,-122.57	0.0,3.0,40.0,60.0,37.70333333333333,-122.53999999999999	0.0,3.0,40.0,60.0,37.70333333333333,-122.50999999999999	0.0,3.0,40.0,60.0,37.70333333333333,-122.48	38.78116343490305,3.0,40.0,60.0,37.70333333333333,-122.45	18.005540166204987,3.0,40.0,60.0,37.70333333333333,-122.42	74.79224376731302,3.0,40.0,60.0,37.70333333333333,-122.39	146.81440443213296,3.0,39.0,60.0,37.70333333333333,-122.36	130.19390581717454,3.0,40.0,60.0,37.70333333333333,-122.33	170.36011080332412,3.0,39.0,60.0,37.70333333333333,-122.3	120.49861495844877,3.0,40.0,60.0,37.70333333333333,-122.27	19.390581717451525,3.0,40.0,60.0,37.70333333333333,-122.24	5.54016620498615,3.0,40.0,60.0,37.70333333333333,-122.21	4.1551246537396125,3.0,40.0,60.0,37.70333333333333,-122.17999999999999	2.770083102493075,3.0,40.0,60.0,37.70333333333333,-122.15	0.0,3.0,40.0,60.0,37.70333333333333,-122.12	0.0,3.0,40.0,60.0,37.70333333333333,-122.09	0.0,3.0,40.0,60.0,37.70333333333333,-122.06	0.0,3.0,40.0,60.0,37.70333333333333,-122.03	0.0,3.0,40.0,60.0,37.70333333333333,-122.0	0.0,3.0,40.0,60.0,37.70333333333333,-121.97
0.0,3.0,40.0,60.0,37.696666666666665,-122.69	0.0,3.0,40.0,60.0,37.696666666666665,-122.66	0.0,3.0,40.0,60.0,37.696666666666665,-122.63	0.0,3.0,40.0,60.0,37.696666666666665,-122.6	0.0,3.0,40.0,60.0,37.696666666666665,-122.57	0.0,3.0,40.0,60.0,37.696666666666665,-122.53999999999999	0.0,3.0,40.0,60.0,37.696666666666665,-122.50999999999999	0.0,3.0,40.0,60.0,37.696666666666665,-122.48	0.0,3.0,40.0,60.0,37.696666666666665,-122.45	58.171745152354575,3.0,40.0,60.0,37.696666666666665,-122.42	67.86703601108033,3.0,40.0,60.0,37.696666666666665,-122.39	149.58448753462605,3.0,39.0,60.0,37.696666666666665,-122.36	238.22714681440445,3.0,39.0,59.0,37.696666666666665,-122.33	299.1689750692521,3.0,38.0,59.0,37.696666666666665,-122.3	253.46260387811637,3.0,39.0,59.0,37.696666666666665,-122.27	18.005540166204987,3.0,40.0,60.0,37.696666666666665,-122.24	2.770083102493075,3.0,40.0,60.0,37.696666666666665,-122.21	0.0,3.0,40.0,60.0,37.696666666666665,-122.17999999999999	0.0,3.0,40.0,60.0,37.696666666666665,-122.15	0.0,3.0,40.0,60.0,37.696666666666665,-122.12	0.0,3.0,40.0,60.0,37.696666666666665,-122.09	0.0,3.0,40.0,60.0,37.696666666666665,-122.06	0.0,3.0,40.0,60.0,37.696666666666665,-122.03	0.0,3.0,40.0,60.0,37.696666666666665,-122.0	0.0,3.0,40.0,60.0,37.696666666666665,-121.97
0.0,3.0,40.0,60.0,37.69,-122.69	0.0,3.0,40.0,60.0,37.69,-122.66	0.0,3.0,40.0,60.0,37.69,-122.63	0.0,3.0,40.0,60.0,37.69,-122.6	0.0,3.0,40.0,60.0,37.69,-122.57	0.0,3.0,40.0,60.0,37.69,-122.53999999999999	0.0,3.0,40.0,60.0,37.69,-122.50999999999999	0.0,3.0,40.0,60.0,37.69,-122.48	0.0,3.0,40.0,60.0,37.69,-122.45	114.95844875346262,3.0,40.0,60.0,37.69,-122.42	55.4016620498615,3.0,40.0,60.0,37.69,-122.39	102.49307479224377,3.0,40.0,60.0,37.69,-122.36	242.38227146814407,3.0,39.0,59.0,37.69,-122.33	391.9667590027701,3.0,38.0,59.0,37.69,-122.3	88.6426592797784,3.0,40.0,60.0,37.69,-122.27	55.4016620498615,3.0,40.0,60.0,37.69,-122.24	1.3850415512465375,3.0,40.0,60.0,37.69,-122.21	0.0,3.0,40.0,60.0,37.69,-122.17999999999999	0.0,3.0,40.0,60.0,37.69,-122.15	0.0,3.0,40.0,60.0,37.69,-122.12	0.0,3.0,40.0,60.0,37.69,-122.09	0.0,3.0,40.0,60.0,37.69,-122.06	0.0,3.0,40.0,60.0,37.69,-122.03	0.0,3.0,40.0,60.0,37.69,-122.0	0.0,3.0,40.0,60.0,37.69,-121.97
0.0,3.0,40.0,60.0,37.68333333333334,-122.69	0.0,3.0,40.0,60.0,37.68333333333334,-122.66	0.0,3.0,40.0,60.0,37.68333333333334,-122.63	0.0,3.0,40.0,60.0,37.68333333333334,-122.6	0.0,3.0,40.0,60.0,37.68333333333334,-122.57	0.0,3.0,40.0,60.0,37.68333333333334,-122.53999999999999	0.0,3.0,40.0,60.0,37.68333333333334,-122.50999999999999	0.0,3.0,40.0,60.0,37.68333333333334,-122.48	0.0,3.0,40.0,60.0,37.68333333333334,-122.45	189.75069252077563,3.0,39.0,60.0,37.68333333333334,-122.42	101.10803324099723,3.0,40.0,60.0,37.68333333333334,-122.39	66.4819944598338,3.0,40.0,60.0,37.68333333333334,-122.36	137.11911357340722,3.0,40.0,60.0,37.68333333333334,-122.33	444.59833795013856,3.0,37.0,58.0,37.68333333333334,-122.3	279.77839335180056,3.0,38.0,59.0,37.68333333333334,-122.27	42.93628808864266,3.0,40.0,60.0,37.68333333333334,-122.24	5.54016620498615,3.0,40.0,60.0,37.68333333333334,-122.21	0.0,3.0,40.0,60.0,37.68333333333334,-122.17999999999999	0.0,3.0,40.0,60.0,37.68333333333334,-122.15	0.0,3.0,40.0,60.0,37.68333333333334,-122.12	0.0,3.0,40.0,60.0,37.68333333333334,-122.09	0.0,3.0,40.0,60.0,37.68333333333334,-122.06	0.0,3.0,40.0,60.0,37.68333333333334,-122.03	0.0,3.0,40.0,60.0,37.68333333333334,-122.0	0.0,3.0,40.0,60.0,37.68333333333334,-121.97
0.0,3.0,40.0,60.0,37.67666666666667,-122.69	0.0,3.0,40.0,60.0,37.67666666666667,-122.66	0.0,3.0,40.0,60.0,37.67666666666667,-122.63	0.0,3.0,40.0,60.0,37.67666666666667,-122.6	0.0,3.0,40.0,60.0,37.67666666666667,-122.57	0.0,3.0,40.0,60.0,37.67666666666667,-122.53999999999999	0.0,3.0,40.0,60.0,37.67666666666667,-122.50999999999999	0.0,3.0,40.0,60.0,37.67666666666667,-122.48	0.0,3.0,40.0,60.0,37.67666666666667,-122.45	180.05540166204986,3.0,39.0,60.0,37.67666666666667,-122.42	149.58448753462605,3.0,39.0,60.0,37.67666666666667,-122.39	76.17728531855957,3.0,40.0,60.0,37.67666666666667,-122.36	87.25761772853187,3.0,40.0,60.0,37.67666666666667,-122.33	211.91135734072023,3.0,39.0,59.0,37.67666666666667,-122.3	371.1911357340721,3.0,38.0,59.0,37.67666666666667,-122.27	350.415512465374,3.0,38.0,59.0,37.67666666666667,-122.24	173.13019390581718,3.0,39.0,60.0,37.67666666666667,-122.21	4.1551246537396125,3.0,40.0,60.0,37.67666666666667,-122.17999999999999	0.0,3.0,40.0,60.0,37.67666666666667,-122.15	0.0,3.0,40.0,60.0,37.67666666666667,-122.12	0.0,3.0,40.0,60.0,37.67666666666667,-122.09	0.0,3.0,40.0,60.0,37.67666666666667,-122.06	0.0,3.0,40.0,60.0,37.67666666666667,-122.03	0.0,3.0,40.0,60.0,37.67666666666667,-122.0	0.0,3.0,40.0,60.0,37.67666666666667,-121.97
0.0,3.0,40.0,60.0,37.67,-122.69	0.0,3.0,40.0,60.0,37.67,-122.66	0.0,3.0,40.0,60.0,37.67,-122.63	0.0,3.0,40.0,60.0,37.67,-122.6	0.0,3.0,40.0,60.0,37.67,-122.57	0.0,3.0,40.0,60.0,37.67,-122.53999999999999	0.0,3.0,40.0,60.0,37.67,-122.50999999999999	0.0,3.0,40.0,60.0,37.67,-122.48	0.0,3.0,40.0,60.0,37.67,-122.45	235.45706371191136,3.0,39.0,59.0,37.67,-122.42	178.67036011080333,3.0,39.0,60.0,37.67,-122.39	108.03324099722992,3.0,40.0,60.0,37.67,-122.36	33.2409972299169,3.0,40.0,60.0,37.67,-122.33	67.86703601108033,3.0,40.0,60.0,37.67,-122.3	171.74515235457065,3.0,39.0,60.0,37.67,-122.27	117.72853185595568,3.0,40.0,60.0,37.67,-122.24	203.60110803324102,3.0,39.0,60.0,37.67,-122.21	18.005540166204987,3.0,40.0,60.0,37.67,-122.17999999999999	0.0,3.0,40.0,60.0,37.67,-122.15	0.0,3.0,40.0,60.0,37.67,-122.12	0.0,3.0,40.0,60.0,37.67,-122.09	0.0,3.0,40.0,60.0,37.67,-122.06	0.0,3.0,40.0,60.0,37.67,-122.03	0.0,3.0,40.0,60.0,37.67,-122.0	0.0,3.0,40.0,60.0,37.67,-121.97
0.0,3.0,40.0,60.0,37.663333333333334,-122.69	0.0,3.0,40.0,60.0,37.663333333333334,-122.66	0.0,3.0,40.0,60.0,37.663333333333334,-122.63	0.0,3.0,40.0,60.0,37.663333333333334,-122.6	0.0,3.0,40.0,60.0,37.663333333333334,-122.57	0.0,3.0,40.0,60.0,37.663333333333334,-122.53999999999999	0.0,3.0,40.0,60.0,37.663333333333334,-122.50999999999999	0.0,3.0,40.0,60.0,37.663333333333334,-122.48	0.0,3.0,40.0,60.0,37.663333333333334,-122.45	121.8836565096953,3.0,40.0,60.0,37.663333333333334,-122.42	261.7728531855956,3.0,39.0,59.0,37.663333333333334,-122.39	101.10803324099723,3.0,40.0,60.0,37.663333333333334,-122.36	67.86703601108033,3.0,40.0,60.0,37.663333333333334,-122.33	23.545706371191137,3.0,40.0,60.0,37.663333333333334,-122.3	54.01662049861496,3.0,40.0,60.0,37.663333333333334,-122.27	101.10803324099723,3.0,40.0,60.0,37.663333333333334,-122.24	13.850415512465375,3.0,40.0,60.0,37.663333333333334,-122.21	26.315789473684212,3.0,40.0,60.0,37.663333333333334,-122.17999999999999	4.1551246537396125,3.0,40.0,60.0,37.663333333333334,-122.15	0.0,3.0,40.0,60.0,37.663333333333334,-122.12	0.0,3.0,40.0,60.0,37.663333333333334,-122.09	0.0,3.0,40.0,60.0,37.663333333333334,-122.06	0.0,3.0,40.0,60.0,37.663333333333334,-122.03	0.0,3.0,40.0,60.0,37.663333333333334,-122.0	0.0,3.0,40.0,60.0,37.663333333333334,-121.97
0.0,3.0,40.0,60.0,37.656666666666666,-122.69	0.0,3.0,40.0,60.0,37.656666666666666,-122.66	0.0,3.0,40.0,60.0,37.656666666666666,-122.63	0.0,3.0,40.0,60.0,37.656666666666666,-122.6	0.0,3.0,40.0,60.0,37.656666666666666,-122.57	0.0,3.0,40.0,60.0,37.656666666666666,-122.53999999999999	0.0,3.0,40.0,60.0,37.656666666666666,-122.50999999999999	0.0,3.0,40.0,60.0,37.656666666666666,-122.48	0.0,3.0,40.0,60.0,37.656666666666666,-122.45	63.711911357340725,3.0,40.0,60.0,37.656666666666666,-122.42	263.15789473684214,3.0,39.0,59.0,37.656666666666666,-122.39	260.3878116343491,3.0,39.0,59.0,37.656666666666666,-122.36	80.33240997229917,3.0,40.0,60.0,37.656666666666666,-122.33	36.011080332409975,3.0,40.0,60.0,37.656666666666666,-122.3	8.310249307479225,3.0,40.0,60.0,37.656666666666666,-122.27	18.005540166204987,3.0,40.0,60.0,37.656666666666666,-122.24	5.54016620498615,3.0,40.0,60.0,37.656666666666666,-122.21	19.390581717451525,3.0,40.0,60.0,37.656666666666666,-122.17999999999999	0.0,3.0,40.0,60.0,37.656666666666666,-122.15	0.0,3.0,40.0,60.0,37.656666666666666,-122.12	0.0,3.0,40.0,60.0,37.656666666666666,-122.09	0.0,3.0,40.0,60.0,37.656666666666666,-122.06	0.0,3.0,40.0,60.0,37.656666666666666,-122.03	0.0,3.0,40.0,60.0,37.656666666666666,-122.0	0.0,3.0,40.0,60.0,37.656666666666666,-121.97
0.0,3.0,40.0,60.0,37.65,-122.69	0.0,3.0,40.0,60.0,37.65,-122.66	0.0,3.0,40.0,60.0,37.65,-122.63	0.0,3.0,40.0,60.0,37.65,-122.6	0.0,3.0,40.0,60.0,37.65,-122.57	0.0,3.0,40.0,60.0,37.65,-122.53999999999999	0.0,3.0,40.0,60.0,37.65,-122.50999999999999	0.0,3.0,40.0,60.0,37.65,-122.48	0.0,3.0,40.0,60.0,37.65,-122.45	49.86149584487535,3.0,40.0,60.0,37.65,-122.42	180.05540166204986,3.0,39.0,60.0,37.65,-122.39	238.22714681440445,3.0,39.0,59.0,37.65,-122.36	110.803324099723,3.0,40.0,60.0,37.65,-122.33	62.32686980609419,3.0,40.0,60.0,37.65,-122.3	12.465373961218837,3.0,40.0,60.0,37.65,-122.27	4.1551246537396125,3.0,40.0,60.0,37.65,-122.24	0.0,3.0,40.0,60.0,37.65,-122.21	0.0,3.0,40.0,60.0,37.65,-122.17999999999999	0.0,3.0,40.0,60.0,37.65,-122.15	0.0,3.0,40.0,60.0,37.65,-122.12	0.0,3.0,40.0,60.0,37.65,-122.09	0.0,3.0,40.0,60.0,37.65,-122.06	0.0,3.0,40.0,60.0,37.65,-122.03	0.0,3.0,40.0,60.0,37.65,-122.0	0.0,3.0,40.0,60.0,37.65,-121.97
0.0,3.0,40.0,60.0,37.64333333333333,-122.69	0.0,3.0,40.0,60.0,37.64333333333333,-122.66	0.0,3.0,40.0,60.0,37.64333333333333,-122.63	0.0,3.0,40.0,60.0,37.64333333333333,-122.6	0.0,3.0,40.0,60.0,37.64333333333333,-122.57	0.0,3.0,40.0,60.0,37.64333333333333,-122.53999999999999	0.0,3.0,40.0,60.0,37.64333333333333,-122.50999999999999	0.0,3.0,40.0,60.0,37.64333333333333,-122.48	0.0,3.0,40.0,60.0,37.64333333333333,-122.45	33.2409972299169,3.0,40.0,60.0,37.64333333333333,-122.42	246.53739612188366,3.0,39.0,59.0,37.64333333333333,-122.39	278.39335180055406,3.0,38.0,59.0,37.64333333333333,-122.36	180.05540166204986,3.0,39.0,60.0,37.64333333333333,-122.33	74.79224376731302,3.0,40.0,60.0,37.64333333333333,-122.3	37.39612188365651,3.0,40.0,60.0,37.64333333333333,-122.27	6.9252077562326875,3.0,40.0,60.0,37.64333333333333,-122.24	4.1551246537396125,3.0,40.0,60.0,37.64333333333333,-122.21	2.770083102493075,3.0,40.0,60.0,37.64333333333333,-122.17999999999999	0.0,3.0,40.0,60.0,37.64333333333333,-122.15	0.0,3.0,40.0,60.0,37.64333333333333,-122.12	0.0,3.0,40.0,60.0,37.64333333333333,-122.09	0.0,3.0,40.0,60.0,37.64333333333333,-122.06	0.0,3.0,40.0,60.0,37.64333333333333,-122.03	0.0,3.0,40.0,60.0,37.64333333333333,-122.0	0.0,3.0,40.0,60.0,37.64333333333333,-121.97
0.0,3.0,40.0,60.0,37.63666666666667,-122.69	0.0,3.0,40.0,60.0,37.63666666666667,-122.66	0.0,3.0,40.0,60.0,37.63666666666667,-122.63	0.0,3.0,40.0,60.0,37.63666666666667,-122.6	0.0,3.0,40.0,60.0,37.63666666666667,-122.57	0.0,3.0,40.0,60.0,37.63666666666667,-122.53999999999999	0.0,3.0,40.0,60.0,37.63666666666667,-122.50999999999999	0.0,3.0,40.0,60.0,37.63666666666667,-122.48	0.0,3.0,40.0,60.0,37.63666666666667,-122.45	9.695290858725762,3.0,40.0,60.0,37.63666666666667,-122.42	200.83102493074793,3.0,39.0,60.0,37.63666666666667,-122.39	261.7728531855956,3.0,39.0,59.0,37.63666666666667,-122.36	231.30193905817177,3.0,39.0,59.0,37.63666666666667,-122.33	137.11911357340722,3.0,40.0,60.0,37.63666666666667,-122.3	48.47645429362881,3.0,40.0,60.0,37.63666666666667,-122.27	8.310249307479225,3.0,40.0,60.0,37.63666666666667,-122.24	1.3850415512465375,3.0,40.0,60.0,37.63666666666667,-122.21	-2.770083102493075,3.0,40.0,60.0,37.63666666666667,-122.17999999999999	0.0,3.0,40.0,60.0,37.63666666666667,-122.15	0.0,3.0,40.0,60.0,37.63666666666667,-122.12	0.0,3.0,40.0,60.0,37.63666666666667,-122.09	0.0,3.0,40.0,60.0,37.63666666666667,-122.06	0.0,3.0,40.0,60.0,37.63666666666667,-122.03	0.0,3.0,40.0,60.0,37.63666666666667,-122.0	0.0,3.0,40.0,60.0,37.63666666666667,-121.97
0.0,3.0,40.0,60.0,37.63,-122.69	0.0,3.0,40.0,60.0,37.63,-122.66	0.0,3.0,40.0,60.0,37.63,-122.63	0.0,3.0,40.0,60.0,37.63,-122.6	0.0,3.0,40.0,60.0,37.63,-122.57	0.0,3.0,40.0,60.0,37.63,-122.53999999999999	0.0,3.0,40.0,60.0,37.63,-122.50999999999999	0.0,3.0,40.0,60.0,37.63,-122.48	0.0,3.0,40.0,60.0,37.63,-122.45	16.62049861495845,3.0,40.0,60.0,37.63,-122.42	103.87811634349032,3.0,40.0,60.0,37.63,-122.39	342.10526315789474,3.0,38.0,59.0,37.63,-122.36	303.3240997229917,3.0,38.0,59.0,37.63,-122.33	128.80886426592798,3.0,40.0,60.0,37.63,-122.3	84.48753462603878,3.0,40.0,60.0,37.63,-122.27	16.62049861495845,3.0,40.0,60.0,37.63,-122.24	-5.54016620498615,3.0,40.0,60.0,37.63,-122.21	-9.695290858725762,3.0,40.0,60.0,37.63,-122.17999999999999	2.770083102493075,3.0,40.0,60.0,37.63,-122.15	0.0,3.0,40.0,60.0,37.63,-122.12	0.0,3.0,40.0,60.0,37.63,-122.09	0.0,3.0,40.0,60.0,37.63,-122.06	0.0,3.0,40.0,60.0,37.63,-122.03	0.0,3.0,40.0,60.0,37.63,-122.0	0.0,3.0,40.0,60.0,37.63,-121.97
0.0,3.0,40.0,60.0,37.623333333333335,-122.69	0.0,3.0,40.0,60.0,37.623333333333335,-122.66	0.0,3.0,40.0,60.0,37.623333333333335,-122.63	0.0,3.0,40.0,60.0,37.623333333333335,-122.6	0.0,3.0,40.0,60.0,37.623333333333335,-122.57	0.0,3.0,40.0,60.0,37.623333333333335,-122.53999999999999	0.0,3.0,40.0,60.0,37.623333333333335,-122.50999999999999	0.0,3.0,40.0,60.0,37.623333333333335,-122.48	0.0,3.0,40.0,60.0,37.623333333333335,-122.45	26.315789473684212,3.0,40.0,60.0,37.623333333333335,-122.42	87.25761772853187,3.0,40.0,60.0,37.623333333333335,-122.39	372.5761772853186,3.0,38.0,59.0,37.623333333333335,-122.36	328.2548476454294,3.0,38.0,59.0,37.623333333333335,-122.33	211.91135734072023,3.0,39.0,59.0,37.623333333333335,-122.3	157.89473684210526,3.0,39.0,60.0,37.623333333333335,-122.27	40.16620498614959,3.0,40.0,60.0,37.623333333333335,-122.24	9.695290858725762,3.0,40.0,60.0,37.623333333333335,-122.21	6.9252077562326875,3.0,40.0,60.0,37.623333333333335,-122.17999999999999	1.3850415512465375,3.0,40.0,60.0,37.623333333333335,-122.15	2.770083102493075,3.0,40.0,60.0,37.623333333333335,-122.12	0.0,3.0,40.0,60.0,37.623333333333335,-122.09	0.0,3.0,40.0,60.0,37.623333333333335,-122.06	0.0,3.0,40.0,60.0,37.623333333333335,-122.03	0.0,3.0,40.0,60.0,37.623333333333335,-122.0	0.0,3.0,40.0,60.0,37.623333333333335,-121.97
0.0,3.0,40.0,60.0,37.61666666666667,-122.69	0.0,3.0,40.0,60.0,37.61666666666667,-122.66	0.0,3.0,40.0,60.0,37.61666666666667,-122.63	0.0,3.0,40.0,60.0,37.61666666666667,-122.6	0.0,3.0,40.0,60.0,37.61666666666667,-122.57	0.0,3.0,40.0,60.0,37.61666666666667,-122.53999999999999	0.0,3.0,40.0,60.0,37.61666666666667,-122.50999999999999	0.0,3.0,40.0,60.0,37.61666666666667,-122.48	15.235457063711912,3.0,40.0,60.0,37.61666666666667,-122.45	105.26315789473685,3.0,40.0,60.0,37.61666666666667,-122.42	313.01939058171746,3.0,38.0,59.0,37.61666666666667,-122.39	324.09972299168976,3.0,38.0,59.0,37.61666666666667,-122.36	289.47368421052636,3.0,38.0,59.0,37.61666666666667,-122.33	185.59556786703604,3.0,39.0,60.0,37.61666666666667,-122.3	164.81994459833797,3.0,39.0,60.0,37.61666666666667,-122.27	85.87257617728532,3.0,40.0,60.0,37.61666666666667,-122.24	31.855955678670362,3.0,40.0,60.0,37.61666666666667,-122.21	0.0,3.0,40.0,60.0,37.61666666666667,-122.17999999999999	4.1551246537396125,3.0,40.0,60.0,37.61666666666667,-122.15	0.0,3.0,40.0,60.0,37.61666666666667,-122.12	0.0,3.0,40.0,60.0,37.61666666666667,-122.09	0.0,3.0,40.0,60.0,37.61666666666667,-122.06	0.0,3.0,40.0,60.0,37.61666666666667,-122.03	0.0,3.0,40.0,60.0,37.61666666666667,-122.0	0.0,3.0,40.0,60.0,37.61666666666667,-121.97
0.0,3.0,40.0,60.0,37.61,-122.69	0.0,3.0,40.0,60.0,37.61,-122.66	0.0,3.0,40.0,60.0,37.61,-122.63	0.0,3.0,40.0,60.0,37.61,-122.6	0.0,3.0,40.0,60.0,37.61,-122.57	0.0,3.0,40.0,60.0,37.61,-122.53999999999999	0.0,3.0,40.0,60.0,37.61,-122.50999999999999	16.62049861495845,3.0,40.0,60.0,37.61,-122.48	1.3850415512465375,3.0,40.0,60.0,37.61,-122.45	130.19390581717454,3.0,40.0,60.0,37.61,-122.42	139.88919667590028,3.0,39.0,60.0,37.61,-122.39	206.37119113573408,3.0,39.0,60.0,37.61,-122.36	472.2991689750693,3.0,37.0,58.0,37.61,-122.33	354.5706371191136,3.0,38.0,59.0,37.61,-122.3	185.59556786703604,3.0,39.0,60.0,37.61,-122.27	150.96952908587258,3.0,39.0,60.0,37.61,-122.24	49.86149584487535,3.0,40.0,60.0,37.61,-122.21	19.390581717451525,3.0,40.0,60.0,37.61,-122.17999999999999	1.3850415512465375,3.0,40.0,60.0,37.61,-122.15	0.0,3.0,40.0,60.0,37.61,-122.12	0.0,3.0,40.0,60.0,37.61,-122.09	0.0,3.0,40.0,60.0,37.61,-122.06	0.0,3.0,40.0,60.0,37.61,-122.03	0.0,3.0,40.0,60.0,37.61,-122.0	0.0,3.0,40.0,60.0,37.61,-121.97
0.0,3.0,40.0,60.0,37.60333333333333,-122.69	0.0,3.0,40.0,60.0,37.60333333333333,-122.66	0.0,3.0,40.0,60.0,37.60333333333333,-122.63	0.0,3.0,40.0,60.0,37.60333333333333,-122.6	0.0,3.0,40.0,60.0,37.60333333333333,-122.57	0.0,3.0,40.0,60.0,37.60333333333333,-122.53999999999999	0.0,3.0,40.0,60.0,37.60333333333333,-122.50999999999999	240.99722991689754,3.0,39.0,59.0,37.60333333333333,-122.48	9.695290858725762,3.0,40.0,60.0,37.60333333333333,-122.45	141.27423822714684,3.0,39.0,60.0,37.60333333333333,-122.42	80.33240997229917,3.0,40.0,60.0,37.60333333333333,-122.39	138.50415512465375,3.0,39.0,60.0,37.60333333333333,-122.36	434.90304709141276,3.0,37.0,58.0,37.60333333333333,-122.33	465.3739612188366,3.0,37.0,58.0,37.60333333333333,-122.3	203.60110803324102,3.0,39.0,60.0,37.60333333333333,-122.27	240.99722991689754,3.0,39.0,59.0,37.60333333333333,-122.24	119.11357340720222,3.0,40.0,60.0,37.60333333333333,-122.21	33.2409972299169,3.0,40.0,60.0,37.60333333333333,-122.17999999999999	15.235457063711912,3.0,40.0,60.0,37.60333333333333,-122.15	2.770083102493075,3.0,40.0,60.0,37.60333333333333,-122.12	5.54016620498615,3.0,40.0,60.0,37.60333333333333,-122.09	1.3850415512465375,3.0,40.0,60.0,37.60333333333333,-122.06	0.0,3.0,40.0,60.0,37.60333333333333,-122.03	0.0,3.0,40.0,60.0,37.60333333333333,-122.0	0.0,3.0,40.0,60.0,37.60333333333333,-121.97
0.0,3.0,40.0,60.0,37.596666666666664,-122.69	0.0,3.0,40.0,60.0,37.596666666666664,-122.66	0.0,3.0,40.0,60.0,37.596666666666664,-122.63	0.0,3.0,40.0,60.0,37.596666666666664,-122.6	0.0,3.0,40.0,60.0,37.596666666666664,-122.57	0.0,3.0,40.0,60.0,37.596666666666664,-122.53999999999999	0.0,3.0,40.0,60.0,37.596666666666664,-122.50999999999999	292.2437673130194,3.0,38.0,59.0,37.596666666666664,-122.48	135.73407202216066,3.0,40.0,60.0,37.596666666666664,-122.45	33.2409972299169,3.0,40.0,60.0,37.596666666666664,-122.42	55.4016620498615,3.0,40.0,60.0,37.596666666666664,-122.39	282.5484764542937,3.0,38.0,59.0,37.596666666666664,-122.36	513.8504155124654,3.0,37.0,58.0,37.596666666666664,-122.33	493.0747922437673,3.0,37.0,58.0,37.596666666666664,-122.3	357.34072022160666,3.0,38.0,59.0,37.596666666666664,-122.27	185.59556786703604,3.0,39.0,60.0,37.596666666666664,-122.24	227.14681440443215,3.0,39.0,59.0,37.596666666666664,-122.21	94.18282548476455,3.0,40.0,60.0,37.596666666666664,-122.17999999999999	37.39612188365651,3.0,40.0,60.0,37.596666666666664,-122.15	18.005540166204987,3.0,40.0,60.0,37.596666666666664,-122.12	4.1551246537396125,3.0,40.0,60.0,37.596666666666664,-122.09	5.54016620498615,3.0,40.0,60.0,37.596666666666664,-122.06	0.0,3.0,40.0,60.0,37.596666666666664,-122.03	0.0,3.0,40.0,60.0,37.596666666666664,-122.0	0.0,3.0,40.0,60.0,37.596666666666664,-121.97
0.0,3.0,40.0,60.0,37.59,-122.69	0.0,3.0,40.0,60.0,37.59,-122.66	0.0,3.0,40.0,60.0,37.59,-122.63	0.0,3.0,40.0,60.0,37.59,-122.6	0.0,3.0,40.0,60.0,37.59,-122.57	0.0,3.0,40.0,60.0,37.59,-122.53999999999999	0.0,3.0,40.0,60.0,37.59,-122.50999999999999	263.15789473684214,3.0,39.0,59.0,37.59,-122.48	385.04155124653744,3.0,38.0,59.0,37.59,-122.45	303.3240997229917,3.0,38.0,59.0,37.59,-122.42	204.98614958448755,3.0,39.0,60.0,37.59,-122.39	191.13573407202216,3.0,39.0,60.0,37.59,-122.36	386.42659279778394,3.0,38.0,59.0,37.59,-122.33	522.1606648199446,3.0,37.0,58.0,37.59,-122.3	376.7313019390582,3.0,38.0,59.0,37.59,-122.27	342.10526315789474,3.0,38.0,59.0,37.59,-122.24	210.5263157894737,3.0,39.0,59.0,37.59,-122.21	149.58448753462605,3.0,39.0,60.0,37.59,-122.17999999999999	85.87257617728532,3.0,40.0,60.0,37.59,-122.15	47.091412742382275,3.0,40.0,60.0,37.59,-122.12	24.930747922437675,3.0,40.0,60.0,37.59,-122.09	11.0803324099723,3.0,40.0,60.0,37.59,-122.06	2.770083102493075,3.0,40.0,60.0,37.59,-122.03	-2.770083102493075,3.0,40.0,60.0,37.59,-122.0	4.1551246537396125,3.0,40.0,60.0,37.59,-121.97
0.0,3.0,40.0,60.0,37.583333333333336,-122.69	0.0,3.0,40.0,60.0,37.583333333333336,-122.66	0.0,3.0,40.0,60.0,37.583333333333336,-122.63	0.0,3.0,40.0,60.0,37.583333333333336,-122.6	0.0,3.0,40.0,60.0,37.583333333333336,-122.57	0.0,3.0,40.0,60.0,37.583333333333336,-122.53999999999999	0.0,3.0,40.0,60.0,37.583333333333336,-122.50999999999999	37.39612188365651,3.0,40.0,60.0,37.583333333333336,-122.48	409.9722991689751,3.0,38.0,59.0,37.583333333333336,-122.45	578.9473684210527,3.0,36.0,58.0,37.583333333333336,-122.42	459.8337950138505,3.0,37.0,58.0,37.583333333333336,-122.39	497.22991689750694,3.0,37.0,58.0,37.583333333333336,-122.36	378.11634349030476,3.0,38.0,59.0,37.583333333333336,-122.33	461.218836565097,3.0,37.0,58.0,37.583333333333336,-122.3	373.96121883656514,3.0,38.0,59.0,37.583333333333336,-122.27	487.5346260387812,3.0,37.0,58.0,37.583333333333336,-122.24	186.98060941828257,3.0,39.0,60.0,37.583333333333336,-122.21	253.46260387811637,3.0,39.0,59.0,37.583333333333336,-122.17999999999999	146.81440443213296,3.0,39.0,60.0,37.583333333333336,-122.15	81.71745152354572,3.0,40.0,60.0,37.583333333333336,-122.12	52.631578947368425,3.0,40.0,60.0,37.583333333333336,-122.09	24.930747922437675,3.0,40.0,60.0,37.583333333333336,-122.06	13.850415512465375,3.0,40.0,60.0,37.583333333333336,-122.03	1.3850415512465375,3.0,40.0,60.0,37.583333333333336,-122.0	-1.3850415512465375,3.0,40.0,60.0,37.583333333333336,-121.97
0.0,3.0,40.0,60.0,37.57666666666667,-122.69	0.0,3.0,40.0,60.0,37.57666666666667,-122.66	0.0,3.0,40.0,60.0,37.57666666666667,-122.63	0.0,3.0,40.0,60.0,37.57666666666667,-122.6	0.0,3.0,40.0,60.0,37.57666666666667,-122.57	0.0,3.0,40.0,60.0,37.57666666666667,-122.53999999999999	0.0,3.0,40.0,60.0,37.57666666666667,-122.50999999999999	42.93628808864266,3.0,40.0,60.0,37.57666666666667,-122.48	137.11911357340722,3.0,40.0,60.0,37.57666666666667,-122.45	526.3157894736843,3.0,37.0,58.0,37.57666666666667,-122.42	706.3711911357341,4.0,35.0,57.0,37.57666666666667,-122.39	602.4930747922438,3.0,36.0,58.0,37.57666666666667,-122.36	391.9667590027701,3.0,38.0,59.0,37.57666666666667,-122.33	308.86426592797784,3.0,38.0,59.0,37.57666666666667,-122.3	339.3351800554017,3.0,38.0,59.0,37.57666666666667,-122.27	423.82271468144046,3.0,37.0,58.0,37.57666666666667,-122.24	301.93905817174516,3.0,38.0,59.0,37.57666666666667,-122.21	170.36011080332412,3.0,39.0,60.0,37.57666666666667,-122.17999999999999	263.15789473684214,3.0,39.0,59.0,37.57666666666667,-122.15	246.53739612188366,3.0,39.0,59.0,37.57666666666667,-122.12	113.57340720221607,3.0,40.0,60.0,37.57666666666667,-122.09	49.86149584487535,3.0,40.0,60.0,37.57666666666667,-122.06	13.850415512465375,3.0,40.0,60.0,37.57666666666667,-122.03	1.3850415512465375,3.0,40.0,60.0,37.57666666666667,-122.0	1.3850415512465375,3.0,40.0,60.0,37.57666666666667,-121.97
0.0,3.0,40.0,60.0,37.57,-122.69	0.0,3.0,40.0,60.0,37.57,-122.66	0.0,3.0,40.0,60.0,37.57,-122.63	0.0,3.0,40.0,60.0,37.57,-122.6	0.0,3.0,40.0,60.0,37.57,-122.57	0.0,3.0,40.0,60.0,37.57,-122.53999999999999	0.0,3.0,40.0,60.0,37.57,-122.50999999999999	12.465373961218837,3.0,40.0,60.0,37.57,-122.48	175.90027700831027,3.0,39.0,60.0,37.57,-122.45	379.50138504155126,3.0,38.0,59.0,37.57,-122.42	500.00000000000006,3.0,37.0,58.0,37.57,-122.39	569.2520775623269,3.0,36.0,58.0,37.57,-122.36	648.1994459833795,3.0,36.0,57.0,37.57,-122.33	491.6897506925208,3.0,37.0,58.0,37.57,-122.3	288.0886426592798,3.0,38.0,59.0,37.57,-122.27	365.6509695290859,3.0,38.0,59.0,37.57,-122.24	393.3518005540167,3.0,38.0,59.0,37.57,-122.21	119.11357340720222,3.0,40.0,60.0,37.57,-122.17999999999999	295.0138504155125,3.0,38.0,59.0,37.57,-122.15	211.91135734072023,3.0,39.0,59.0,37.57,-122.12	170.36011080332412,3.0,39.0,60.0,37.57,-122.09	74.79224376731302,3.0,40.0,60.0,37.57,-122.06	22.1606648199446,3.0,40.0,60.0,37.57,-122.03	11.0803324099723,3.0,40.0,60.0,37.57,-122.0	-2.770083102493075,3.0,40.0,60.0,37.57,-121.97
-data:
