radius:18.0
size:80^70
path:hundred_years_80x70.txt
+data:
22.0,3,40,60	279.0,3,38,59	125.0,3,39,60	98.0,3,40,60	197.0,3,39,59	293.0,3,38,59	225.0,3,38,59	210.0,3,38,59	155.0,3,39,59	407.0,3,36,58	274.0,3,38,59	116.0,3,39,60	669.0,4,34,56	177.0,3,39,59	88.0,3,40,60	72.0,3,40,60	55.0,3,40,60	17.0,3,40,60	14.0,3,40,60	73.0,3,40,60	257.0,3,38,59	132.0,3,39,60	169.0,3,39,59	109.0,3,39,60	121.0,3,39,60	88.0,3,40,60	111.0,3,39,60	79.0,3,40,60	113.0,3,39,60	48.0,3,40,60	65.0,3,40,60	144.0,3,39,60	139.0,3,39,60	93.0,3,40,60	95.0,3,40,60	62.0,3,40,60	41.0,3,40,60	28.0,3,40,60	47.0,3,40,60	0.0,3,40,60	0.0,3,40,60	0.0,3,40,60	0.0,3,40,60	0.0,3,40,60	0.0,3,40,60	0.0,3,40,60	0.0,3,40,60	0.0,3,40,60	0.0,3,40,60	0.0,3,40,60	0.0,3,40,60	0.0,3,40,60	0.0,3,40,60	0.0,3,40,60	0.0,3,40,60	0.0,3,40,60	0.0,3,40,60	0.0,3,40,60	-2.0,3,40,60	-4.0,3,40,60	-7.0,3,40,60	-3.0,3,40,60	-2.0,3,40,60	-2.0,3,40,60	1.0,3,40,60	2.0,3,40,60	59.0,3,40,60	20.0,3,40,60	59.0,3,40,60	9.0,3,40,60
96.0,3,40,60	124.0,3,39,60	163.0,3,39,59	147.0,3,39,60	127.0,3,39,60	62.0,3,40,60	68.0,3,40,60	300.0,3,37,58	564.0,4,35,57	363.0,3,37,58	433.0,3,36,58	254.0,3,38,59	467.0,3,36,57	204.0,3,38,59	128.0,3,39,60	41.0,3,40,60	222.0,3,38,59	32.0,3,40,60	50.0,3,40,60	233.0,3,38,59	208.0,3,38,59	123.0,3,39,60	107.0,3,39,60	107.0,3,39,60	67.0,3,40,60	72.0,3,40,60	158.0,3,39,59	89.0,3,40,60	153.0,3,39,59	152.0,3,39,59	110.0,3,39,60	110.0,3,39,60	83.0,3,40,60	105.0,3,39,60	80.0,3,40,60	55.0,3,40,60	41.0,3,40,60	27.0,3,40,60	33.0,3,40,60	0.0,3,40,60	0.0,3,40,60	0.0,3,40,60	0.0,3,40,60	0.0,3,40,60	0.0,3,40,60	0.0,3,40,60	0.0,3,40,60	0.0,3,40,60	0.0,3,40,60	0.0,3,40,60	0.0,3,40,60	0.0,3,40,60	0.0,3,40,60	0.0,3,40,60	0.0,3,40,60	0.0,3,40,60	0.0,3,40,60	1.0,3,40,60	5.0,3,40,60	0.0,3,40,60	-1.0,3,40,60	-1.0,3,40,60	-2.0,3,40,60	0.0,3,40,60	3.0,3,40,60	3.0,3,40,60	9.0,3,40,60	8.0,3,40,60	7.0,3,40,60	11.0,3,40,60
66.0,3,40,60	80.0,3,40,60	182.0,3,39,59	115.0,3,39,60	8.0,3,40,60	92.0,3,40,60	125.0,3,39,60	164.0,3,39,59	241.0,3,38,59	185.0,3,39,59	334.0,3,37,58	321.0,3,37,58	308.0,3,37,58	33.0,3,40,60	51.0,3,40,60	214.0,3,38,59	34.0,3,40,60	39.0,3,40,60	257.0,3,38,59	150.0,3,39,59	144.0,3,39,60	125.0,3,39,60	79.0,3,40,60	160.0,3,39,59	86.0,3,40,60	75.0,3,40,60	82.0,3,40,60	246.0,3,38,59	170.0,3,39,59	93.0,3,40,60	76.0,3,40,60	88.0,3,40,60	72.0,3,40,60	82.0,3,40,60	56.0,3,40,60	26.0,3,40,60	22.0,3,40,60	2.0,3,40,60	1.0,3,40,60	0.0,3,40,60	0.0,3,40,60	0.0,3,40,60	0.0,3,40,60	0.0,3,40,60	0.0,3,40,60	0.0,3,40,60	0.0,3,40,60	0.0,3,40,60	0.0,3,40,60	0.0,3,40,60	0.0,3,40,60	0.0,3,40,60	0.0,3,40,60	0.0,3,40,60	0.0,3,40,60	0.0,3,40,60	0.0,3,40,60	-1.0,3,40,60	-1.0,3,40,60	-1.0,3,40,60	-2.0,3,40,60	-2.0,3,40,60	-1.0,3,40,60	-1.0,3,40,60	0.0,3,40,60	1.0,3,40,60	7.0,3,40,60	9.0,3,40,60	10.0,3,40,60	58.0,3,40,60
66.0,3,40,60	25.0,3,40,60	0.0,3,40,60	0.0,3,40,60	0.0,3,40,60	0.0,3,40,60	7.0,3,40,60	78.0,3,40,60	293.0,3,38,59	531.0,4,35,57	297.0,3,38,59	189.0,3,39,59	427.0,3,36,58	72.0,3,40,60	113.0,3,39,60	0.0,3,40,60	16.0,3,40,60	201.0,3,38,59	128.0,3,39,60	94.0,3,40,60	78.0,3,40,60	93.0,3,40,60	79.0,3,40,60	54.0,3,40,60	50.0,3,40,60	94.0,3,40,60	187.0,3,39,59	166.0,3,39,59	114.0,3,39,60	69.0,3,40,60	111.0,3,39,60	27.0,3,40,60	33.0,3,40,60	101.0,3,39,60	63.0,3,40,60	32.0,3,40,60	40.0,3,40,60	1.0,3,40,60	0.0,3,40,60	0.0,3,40,60	0.0,3,40,60	0.0,3,40,60	0.0,3,40,60	0.0,3,40,60	0.0,3,40,60	0.0,3,40,60	0.0,3,40,60	0.0,3,40,60	0.0,3,40,60	0.0,3,40,60	0.0,3,40,60	0.0,3,40,60	0.0,3,40,60	0.0,3,40,60	0.0,3,40,60	0.0,3,40,60	-2.0,3,40,60	-2.0,3,40,60	0.0,3,40,60	-1.0,3,40,60	6.0,3,40,60	-1.0,3,40,60	-1.0,3,40,60	7.0,3,40,60	12.0,3,40,60	5.0,3,40,60	8.0,3,40,60	23.0,3,40,60	13.0,3,40,60	21.0,3,40,60
0.0,3,40,60	0.0,3,40,60	0.0,3,40,60	0.0,3,40,60	0.0,3,40,60	0.0,3,40,60	0.0,3,40,60	0.0,3,40,60	16.0,3,40,60	74.0,3,40,60	250.0,3,38,59	177.0,3,39,59	47.0,3,40,60	6.0,3,40,60	0.0,3,40,60	8.0,3,40,60	68.0,3,40,60	135.0,3,39,60	88.0,3,40,60	69.0,3,40,60	100.0,3,39,60	164.0,3,39,59	189.0,3,39,59	150.0,3,39,59	80.0,3,40,60	181.0,3,39,59	37.0,3,40,60	27.0,3,40,60	68.0,3,40,60	43.0,3,40,60	64.0,3,40,60	18.0,3,40,60	7.0,3,40,60	17.0,3,40,60	59.0,3,40,60	39.0,3,40,60	28.0,3,40,60	0.0,3,40,60	0.0,3,40,60	0.0,3,40,60	0.0,3,40,60	0.0,3,40,60	0.0,3,40,60	0.0,3,40,60	0.0,3,40,60	0.0,3,40,60	0.0,3,40,60	0.0,3,40,60	0.0,3,40,60	0.0,3,40,60	0.0,3,40,60	0.0,3,40,60	0.0,3,40,60	1.0,3,40,60	1.0,3,40,60	-2.0,3,40,60	0.0,3,40,60	0.0,3,40,60	-2.0,3,40,60	0.0,3,40,60	5.0,3,40,60	7.0,3,40,60	12.0,3,40,60	15.0,3,40,60	11.0,3,40,60	13.0,3,40,60	21.0,3,40,60	15.0,3,40,60	27.0,3,40,60	26.0,3,40,60
0.0,3,40,60	0.0,3,40,60	0.0,3,40,60	0.0,3,40,60	0.0,3,40,60	0.0,3,40,60	0.0,3,40,60	0.0,3,40,60	0.0,3,40,60	80.0,3,40,60	16.0,3,40,60	30.0,3,40,60	0.0,3,40,60	0.0,3,40,60	22.0,3,40,60	50.0,3,40,60	49.0,3,40,60	183.0,3,39,59	56.0,3,40,60	92.0,3,40,60	212.0,3,38,59	118.0,3,39,60	141.0,3,39,60	134.0,3,39,60	88.0,3,40,60	39.0,3,40,60	46.0,3,40,60	68.0,3,40,60	17.0,3,40,60	20.0,3,40,60	44.0,3,40,60	61.0,3,40,60	46.0,3,40,60	72.0,3,40,60	12.0,3,40,60	24.0,3,40,60	5.0,3,40,60	0.0,3,40,60	0.0,3,40,60	0.0,3,40,60	0.0,3,40,60	0.0,3,40,60	0.0,3,40,60	0.0,3,40,60	0.0,3,40,60	0.0,3,40,60	0.0,3,40,60	0.0,3,40,60	0.0,3,40,60	0.0,3,40,60	0.0,3,40,60	0.0,3,40,60	0.0,3,40,60	0.0,3,40,60	0.0,3,40,60	0.0,3,40,60	0.0,3,40,60	0.0,3,40,60	4.0,3,40,60	12.0,3,40,60	12.0,3,40,60	13.0,3,40,60	21.0,3,40,60	24.0,3,40,60	32.0,3,40,60	21.0,3,40,60	24.0,3,40,60	28.0,3,40,60	28.0,3,40,60	27.0,3,40,60
0.0,3,40,60	0.0,3,40,60	0.0,3,40,60	0.0,3,40,60	0.0,3,40,60	0.0,3,40,60	0.0,3,40,60	0.0,3,40,60	0.0,3,40,60	0.0,3,40,60	0.0,3,40,60	0.0,3,40,60	0.0,3,40,60	136.0,3,39,60	245.0,3,38,59	61.0,3,40,60	103.0,3,39,60	79.0,3,40,60	68.0,3,40,60	91.0,3,40,60	96.0,3,40,60	141.0,3,39,60	158.0,3,39,59	137.0,3,39,60	102.0,3,39,60	56.0,3,40,60	101.0,3,39,60	117.0,3,39,60	43.0,3,40,60	42.0,3,40,60	175.0,3,39,59	177.0,3,39,59	181.0,3,39,59	213.0,3,38,59	11.0,3,40,60	163.0,3,39,59	44.0,3,40,60	7.0,3,40,60	73.0,3,40,60	1.0,3,40,60	0.0,3,40,60	0.0,3,40,60	0.0,3,40,60	0.0,3,40,60	0.0,3,40,60	0.0,3,40,60	0.0,3,40,60	0.0,3,40,60	0.0,3,40,60	0.0,3,40,60	0.0,3,40,60	11.0,3,40,60	1.0,3,40,60	0.0,3,40,60	-2.0,3,40,60	-2.0,3,40,60	-1.0,3,40,60	-1.0,3,40,60	0.0,3,40,60	6.0,3,40,60	23.0,3,40,60	25.0,3,40,60	25.0,3,40,60	23.0,3,40,60	36.0,3,40,60	30.0,3,40,60	32.0,3,40,60	38.0,3,40,60	29.0,3,40,60	34.0,3,40,60
0.0,3,40,60	0.0,3,40,60	0.0,3,40,60	0.0,3,40,60	0.0,3,40,60	0.0,3,40,60	41.0,3,40,60	312.0,3,37,58	307.0,3,37,58	37.0,3,40,60	0.0,3,40,60	0.0,3,40,60	7.0,3,40,60	6.0,3,40,60	3.0,3,40,60	63.0,3,40,60	229.0,3,38,59	99.0,3,40,60	160.0,3,39,59	119.0,3,39,60	134.0,3,39,60	152.0,3,39,59	60.0,3,40,60	89.0,3,40,60	138.0,3,39,60	137.0,3,39,60	115.0,3,39,60	63.0,3,40,60	102.0,3,39,60	167.0,3,39,59	52.0,3,40,60	69.0,3,40,60	55.0,3,40,60	23.0,3,40,60	13.0,3,40,60	34.0,3,40,60	81.0,3,40,60	141.0,3,39,60	135.0,3,39,60	94.0,3,40,60	18.0,3,40,60	0.0,3,40,60	0.0,3,40,60	0.0,3,40,60	0.0,3,40,60	0.0,3,40,60	0.0,3,40,60	0.0,3,40,60	0.0,3,40,60	0.0,3,40,60	2.0,3,40,60	3.0,3,40,60	5.0,3,40,60	9.0,3,40,60	2.0,3,40,60	2.0,3,40,60	1.0,3,40,60	6.0,3,40,60	9.0,3,40,60	10.0,3,40,60	18.0,3,40,60	17.0,3,40,60	23.0,3,40,60	31.0,3,40,60	32.0,3,40,60	56.0,3,40,60	48.0,3,40,60	28.0,3,40,60	28.0,3,40,60	26.0,3,40,60
0.0,3,40,60	0.0,3,40,60	0.0,3,40,60	0.0,3,40,60	0.0,3,40,60	9.0,3,40,60	20.0,3,40,60	259.0,3,38,59	400.0,3,36,58	304.0,3,37,58	373.0,3,37,58	130.0,3,39,60	203.0,3,38,59	4.0,3,40,60	6.0,3,40,60	26.0,3,40,60	89.0,3,40,60	120.0,3,39,60	133.0,3,39,60	113.0,3,39,60	52.0,3,40,60	137.0,3,39,60	51.0,3,40,60	58.0,3,40,60	75.0,3,40,60	181.0,3,39,59	79.0,3,40,60	122.0,3,39,60	36.0,3,40,60	34.0,3,40,60	121.0,3,39,60	113.0,3,39,60	71.0,3,40,60	123.0,3,39,60	101.0,3,39,60	75.0,3,40,60	37.0,3,40,60	39.0,3,40,60	71.0,3,40,60	0.0,3,40,60	0.0,3,40,60	0.0,3,40,60	0.0,3,40,60	0.0,3,40,60	0.0,3,40,60	0.0,3,40,60	0.0,3,40,60	0.0,3,40,60	2.0,3,40,60	0.0,3,40,60	14.0,3,40,60	21.0,3,40,60	22.0,3,40,60	20.0,3,40,60	10.0,3,40,60	7.0,3,40,60	3.0,3,40,60	2.0,3,40,60	0.0,3,40,60	7.0,3,40,60	8.0,3,40,60	11.0,3,40,60	13.0,3,40,60	19.0,3,40,60	40.0,3,40,60	63.0,3,40,60	72.0,3,40,60	43.0,3,40,60	25.0,3,40,60	60.0,3,40,60
0.0,3,40,60	0.0,3,40,60	0.0,3,40,60	120.0,3,39,60	187.0,3,39,59	90.0,3,40,60	122.0,3,39,60	144.0,3,39,60	171.0,3,39,59	199.0,3,39,59	237.0,3,38,59	75.0,3,40,60	61.0,3,40,60	23.0,3,40,60	20.0,3,40,60	38.0,3,40,60	113.0,3,39,60	56.0,3,40,60	228.0,3,38,59	124.0,3,39,60	87.0,3,40,60	34.0,3,40,60	15.0,3,40,60	32.0,3,40,60	88.0,3,40,60	145.0,3,39,60	80.0,3,40,60	37.0,3,40,60	48.0,3,40,60	12.0,3,40,60	19.0,3,40,60	36.0,3,40,60	47.0,3,40,60	181.0,3,39,59	90.0,3,40,60	63.0,3,40,60	28.0,3,40,60	2.0,3,40,60	0.0,3,40,60	0.0,3,40,60	0.0,3,40,60	0.0,3,40,60	0.0,3,40,60	0.0,3,40,60	2.0,3,40,60	1.0,3,40,60	0.0,3,40,60	7.0,3,40,60	9.0,3,40,60	3.0,3,40,60	18.0,3,40,60	22.0,3,40,60	21.0,3,40,60	6.0,3,40,60	9.0,3,40,60	31.0,3,40,60	23.0,3,40,60	6.0,3,40,60	16.0,3,40,60	11.0,3,40,60	8.0,3,40,60	10.0,3,40,60	36.0,3,40,60	24.0,3,40,60	35.0,3,40,60	40.0,3,40,60	81.0,3,40,60	47.0,3,40,60	58.0,3,40,60	63.0,3,40,60
0.0,3,40,60	0.0,3,40,60	0.0,3,40,60	138.0,3,39,60	187.0,3,39,59	162.0,3,39,59	118.0,3,39,60	161.0,3,39,59	150.0,3,39,59	213.0,3,38,59	69.0,3,40,60	247.0,3,38,59	209.0,3,38,59	117.0,3,39,60	86.0,3,40,60	106.0,3,39,60	128.0,3,39,60	228.0,3,38,59	99.0,3,40,60	78.0,3,40,60	26.0,3,40,60	71.0,3,40,60	27.0,3,40,60	11.0,3,40,60	5.0,3,40,60	44.0,3,40,60	19.0,3,40,60	30.0,3,40,60	1.0,3,40,60	159.0,3,39,59	81.0,3,40,60	60.0,3,40,60	7.0,3,40,60	26.0,3,40,60	14.0,3,40,60	27.0,3,40,60	0.0,3,40,60	0.0,3,40,60	0.0,3,40,60	0.0,3,40,60	0.0,3,40,60	0.0,3,40,60	66.0,3,40,60	27.0,3,40,60	14.0,3,40,60	0.0,3,40,60	24.0,3,40,60	16.0,3,40,60	20.0,3,40,60	15.0,3,40,60	32.0,3,40,60	22.0,3,40,60	16.0,3,40,60	21.0,3,40,60	13.0,3,40,60	21.0,3,40,60	68.0,3,40,60	28.0,3,40,60	42.0,3,40,60	69.0,3,40,60	98.0,3,40,60	33.0,3,40,60	76.0,3,40,60	39.0,3,40,60	61.0,3,40,60	57.0,3,40,60	78.0,3,40,60	46.0,3,40,60	73.0,3,40,60	161.0,3,39,59
0.0,3,40,60	0.0,3,40,60	0.0,3,40,60	85.0,3,40,60	114.0,3,39,60	199.0,3,39,59	208.0,3,38,59	195.0,3,39,59	128.0,3,39,60	122.0,3,39,60	28.0,3,40,60	173.0,3,39,59	36.0,3,40,60	162.0,3,39,59	43.0,3,40,60	193.0,3,39,59	111.0,3,39,60	40.0,3,40,60	43.0,3,40,60	9.0,3,40,60	1.0,3,40,60	34.0,3,40,60	0.0,3,40,60	30.0,3,40,60	0.0,3,40,60	0.0,3,40,60	0.0,3,40,60	0.0,3,40,60	0.0,3,40,60	0.0,3,40,60	0.0,3,40,60	0.0,3,40,60	0.0,3,40,60	57.0,3,40,60	0.0,3,40,60	0.0,3,40,60	0.0,3,40,60	0.0,3,40,60	0.0,3,40,60	0.0,3,40,60	0.0,3,40,60	0.0,3,40,60	35.0,3,40,60	141.0,3,39,60	174.0,3,39,59	83.0,3,40,60	49.0,3,40,60	30.0,3,40,60	29.0,3,40,60	43.0,3,40,60	18.0,3,40,60	29.0,3,40,60	23.0,3,40,60	15.0,3,40,60	40.0,3,40,60	58.0,3,40,60	21.0,3,40,60	49.0,3,40,60	32.0,3,40,60	137.0,3,39,60	49.0,3,40,60	100.0,3,39,60	71.0,3,40,60	87.0,3,40,60	112.0,3,39,60	101.0,3,39,60	123.0,3,39,60	51.0,3,40,60	194.0,3,39,59	214.0,3,38,59
0.0,3,40,60	0.0,3,40,60	230.0,3,38,59	222.0,3,38,59	159.0,3,39,59	103.0,3,39,60	386.0,3,37,58	410.0,3,36,58	148.0,3,39,60	211.0,3,38,59	26.0,3,40,60	0.0,3,40,60	0.0,3,40,60	0.0,3,40,60	0.0,3,40,60	0.0,3,40,60	1.0,3,40,60	148.0,3,39,60	107.0,3,39,60	125.0,3,39,60	0.0,3,40,60	0.0,3,40,60	0.0,3,40,60	74.0,3,40,60	37.0,3,40,60	0.0,3,40,60	0.0,3,40,60	0.0,3,40,60	0.0,3,40,60	0.0,3,40,60	0.0,3,40,60	0.0,3,40,60	0.0,3,40,60	0.0,3,40,60	0.0,3,40,60	0.0,3,40,60	0.0,3,40,60	0.0,3,40,60	0.0,3,40,60	0.0,3,40,60	0.0,3,40,60	0.0,3,40,60	50.0,3,40,60	165.0,3,39,59	174.0,3,39,59	117.0,3,39,60	37.0,3,40,60	16.0,3,40,60	17.0,3,40,60	16.0,3,40,60	39.0,3,40,60	26.0,3,40,60	22.0,3,40,60	38.0,3,40,60	58.0,3,40,60	46.0,3,40,60	79.0,3,40,60	77.0,3,40,60	98.0,3,40,60	157.0,3,39,59	77.0,3,40,60	143.0,3,39,60	144.0,3,39,60	136.0,3,39,60	162.0,3,39,59	178.0,3,39,59	150.0,3,39,59	204.0,3,38,59	250.0,3,38,59	291.0,3,38,59
39.0,3,40,60	1.0,3,40,60	149.0,3,39,60	245.0,3,38,59	112.0,3,39,60	81.0,3,40,60	337.0,3,37,58	427.0,3,36,58	163.0,3,39,59	64.0,3,40,60	0.0,3,40,60	0.0,3,40,60	0.0,3,40,60	0.0,3,40,60	0.0,3,40,60	0.0,3,40,60	16.0,3,40,60	0.0,3,40,60	0.0,3,40,60	0.0,3,40,60	0.0,3,40,60	0.0,3,40,60	0.0,3,40,60	0.0,3,40,60	0.0,3,40,60	0.0,3,40,60	0.0,3,40,60	0.0,3,40,60	0.0,3,40,60	0.0,3,40,60	0.0,3,40,60	0.0,3,40,60	0.0,3,40,60	0.0,3,40,60	0.0,3,40,60	0.0,3,40,60	0.0,3,40,60	0.0,3,40,60	0.0,3,40,60	0.0,3,40,60	0.0,3,40,60	0.0,3,40,60	41.0,3,40,60	80.0,3,40,60	186.0,3,39,59	84.0,3,40,60	143.0,3,39,60	58.0,3,40,60	26.0,3,40,60	27.0,3,40,60	29.0,3,40,60	36.0,3,40,60	34.0,3,40,60	16.0,3,40,60	34.0,3,40,60	72.0,3,40,60	80.0,3,40,60	113.0,3,39,60	125.0,3,39,60	138.0,3,39,60	151.0,3,39,59	158.0,3,39,59	188.0,3,39,59	192.0,3,39,59	154.0,3,39,59	237.0,3,38,59	241.0,3,38,59	286.0,3,38,59	337.0,3,37,58	487.0,3,36,57
88.0,3,40,60	172.0,3,39,59	104.0,3,39,60	128.0,3,39,60	89.0,3,40,60	0.0,3,40,60	71.0,3,40,60	241.0,3,38,59	79.0,3,40,60	63.0,3,40,60	0.0,3,40,60	0.0,3,40,60	0.0,3,40,60	0.0,3,40,60	0.0,3,40,60	0.0,3,40,60	0.0,3,40,60	0.0,3,40,60	0.0,3,40,60	0.0,3,40,60	0.0,3,40,60	0.0,3,40,60	0.0,3,40,60	0.0,3,40,60	0.0,3,40,60	0.0,3,40,60	0.0,3,40,60	0.0,3,40,60	0.0,3,40,60	0.0,3,40,60	0.0,3,40,60	0.0,3,40,60	0.0,3,40,60	0.0,3,40,60	0.0,3,40,60	0.0,3,40,60	0.0,3,40,60	0.0,3,40,60	0.0,3,40,60	0.0,3,40,60	0.0,3,40,60	0.0,3,40,60	58.0,3,40,60	84.0,3,40,60	105.0,3,39,60	100.0,3,39,60	139.0,3,39,60	108.0,3,39,60	151.0,3,39,59	39.0,3,40,60	45.0,3,40,60	16.0,3,40,60	17.0,3,40,60	29.0,3,40,60	20.0,3,40,60	60.0,3,40,60	68.0,3,40,60	72.0,3,40,60	179.0,3,39,59	102.0,3,39,60	153.0,3,39,59	218.0,3,38,59	88.0,3,40,60	265.0,3,38,59	257.0,3,38,59	285.0,3,38,59	131.0,3,39,60	394.0,3,37,58	225.0,3,38,59	385.0,3,37,58
73.0,3,40,60	52.0,3,40,60	0.0,3,40,60	0.0,3,40,60	0.0,3,40,60	0.0,3,40,60	0.0,3,40,60	54.0,3,40,60	72.0,3,40,60	0.0,3,40,60	0.0,3,40,60	0.0,3,40,60	0.0,3,40,60	0.0,3,40,60	0.0,3,40,60	0.0,3,40,60	0.0,3,40,60	0.0,3,40,60	0.0,3,40,60	0.0,3,40,60	0.0,3,40,60	0.0,3,40,60	0.0,3,40,60	0.0,3,40,60	0.0,3,40,60	0.0,3,40,60	0.0,3,40,60	0.0,3,40,60	0.0,3,40,60	0.0,3,40,60	0.0,3,40,60	0.0,3,40,60	0.0,3,40,60	0.0,3,40,60	0.0,3,40,60	0.0,3,40,60	0.0,3,40,60	0.0,3,40,60	0.0,3,40,60	0.0,3,40,60	0.0,3,40,60	0.0,3,40,60	9.0,3,40,60	71.0,3,40,60	91.0,3,40,60	112.0,3,39,60	144.0,3,39,60	132.0,3,39,60	106.0,3,39,60	69.0,3,40,60	41.0,3,40,60	46.0,3,40,60	48.0,3,40,60	33.0,3,40,60	103.0,3,39,60	131.0,3,39,60	145.0,3,39,60	148.0,3,39,60	189.0,3,39,59	180.0,3,39,59	241.0,3,38,59	234.0,3,38,59	180.0,3,39,59	257.0,3,38,59	321.0,3,37,58	204.0,3,38,59	298.0,3,38,59	441.0,3,36,58	445.0,3,36,58	544.0,4,35,57
32.0,3,40,60	0.0,3,40,60	0.0,3,40,60	0.0,3,40,60	0.0,3,40,60	0.0,3,40,60	0.0,3,40,60	0.0,3,40,60	0.0,3,40,60	0.0,3,40,60	0.0,3,40,60	0.0,3,40,60	0.0,3,40,60	0.0,3,40,60	0.0,3,40,60	0.0,3,40,60	0.0,3,40,60	0.0,3,40,60	0.0,3,40,60	0.0,3,40,60	0.0,3,40,60	0.0,3,40,60	0.0,3,40,60	0.0,3,40,60	0.0,3,40,60	0.0,3,40,60	0.0,3,40,60	0.0,3,40,60	0.0,3,40,60	0.0,3,40,60	0.0,3,40,60	0.0,3,40,60	0.0,3,40,60	0.0,3,40,60	0.0,3,40,60	0.0,3,40,60	0.0,3,40,60	0.0,3,40,60	0.0,3,40,60	0.0,3,40,60	0.0,3,40,60	2.0,3,40,60	3.0,3,40,60	62.0,3,40,60	110.0,3,39,60	92.0,3,40,60	128.0,3,39,60	161.0,3,39,59	142.0,3,39,60	102.0,3,39,60	74.0,3,40,60	99.0,3,40,60	61.0,3,40,60	99.0,3,40,60	139.0,3,39,60	158.0,3,39,59	166.0,3,39,59	176.0,3,39,59	236.0,3,38,59	213.0,3,38,59	255.0,3,38,59	161.0,3,39,59	255.0,3,38,59	144.0,3,39,60	206.0,3,38,59	258.0,3,38,59	368.0,3,37,58	439.0,3,36,58	462.0,3,36,57	527.0,4,35,57
0.0,3,40,60	0.0,3,40,60	0.0,3,40,60	0.0,3,40,60	0.0,3,40,60	0.0,3,40,60	0.0,3,40,60	0.0,3,40,60	0.0,3,40,60	0.0,3,40,60	0.0,3,40,60	0.0,3,40,60	0.0,3,40,60	0.0,3,40,60	0.0,3,40,60	0.0,3,40,60	0.0,3,40,60	0.0,3,40,60	0.0,3,40,60	0.0,3,40,60	0.0,3,40,60	0.0,3,40,60	0.0,3,40,60	0.0,3,40,60	0.0,3,40,60	0.0,3,40,60	0.0,3,40,60	0.0,3,40,60	0.0,3,40,60	0.0,3,40,60	0.0,3,40,60	0.0,3,40,60	0.0,3,40,60	0.0,3,40,60	0.0,3,40,60	0.0,3,40,60	0.0,3,40,60	0.0,3,40,60	0.0,3,40,60	0.0,3,40,60	0.0,3,40,60	100.0,3,39,60	99.0,3,40,60	3.0,3,40,60	85.0,3,40,60	119.0,3,39,60	140.0,3,39,60	150.0,3,39,59	129.0,3,39,60	126.0,3,39,60	126.0,3,39,60	104.0,3,39,60	121.0,3,39,60	150.0,3,39,59	153.0,3,39,59	193.0,3,39,59	153.0,3,39,59	191.0,3,39,59	255.0,3,38,59	178.0,3,39,59	216.0,3,38,59	109.0,3,39,60	362.0,3,37,58	316.0,3,37,58	367.0,3,37,58	470.0,3,36,57	440.0,3,36,58	457.0,3,36,57	507.0,4,35,57	496.0,3,36,57
0.0,3,40,60	0.0,3,40,60	0.0,3,40,60	0.0,3,40,60	0.0,3,40,60	0.0,3,40,60	0.0,3,40,60	0.0,3,40,60	0.0,3,40,60	0.0,3,40,60	0.0,3,40,60	0.0,3,40,60	0.0,3,40,60	0.0,3,40,60	0.0,3,40,60	0.0,3,40,60	0.0,3,40,60	0.0,3,40,60	0.0,3,40,60	0.0,3,40,60	0.0,3,40,60	0.0,3,40,60	0.0,3,40,60	0.0,3,40,60	0.0,3,40,60	0.0,3,40,60	0.0,3,40,60	0.0,3,40,60	0.0,3,40,60	0.0,3,40,60	0.0,3,40,60	0.0,3,40,60	0.0,3,40,60	0.0,3,40,60	0.0,3,40,60	0.0,3,40,60	0.0,3,40,60	0.0,3,40,60	0.0,3,40,60	112.0,3,39,60	140.0,3,39,60	160.0,3,39,59	137.0,3,39,60	122.0,3,39,60	70.0,3,40,60	33.0,3,40,60	81.0,3,40,60	112.0,3,39,60	94.0,3,40,60	44.0,3,40,60	83.0,3,40,60	132.0,3,39,60	133.0,3,39,60	134.0,3,39,60	139.0,3,39,60	193.0,3,39,59	187.0,3,39,59	232.0,3,38,59	296.0,3,38,59	310.0,3,37,58	379.0,3,37,58	433.0,3,36,58	441.0,3,36,58	368.0,3,37,58	404.0,3,36,58	527.0,4,35,57	518.0,4,35,57	479.0,3,36,57	402.0,3,36,58	365.0,3,37,58
0.0,3,40,60	0.0,3,40,60	0.0,3,40,60	0.0,3,40,60	0.0,3,40,60	0.0,3,40,60	0.0,3,40,60	0.0,3,40,60	0.0,3,40,60	0.0,3,40,60	0.0,3,40,60	0.0,3,40,60	0.0,3,40,60	0.0,3,40,60	0.0,3,40,60	0.0,3,40,60	0.0,3,40,60	0.0,3,40,60	0.0,3,40,60	0.0,3,40,60	0.0,3,40,60	0.0,3,40,60	0.0,3,40,60	0.0,3,40,60	0.0,3,40,60	0.0,3,40,60	0.0,3,40,60	0.0,3,40,60	0.0,3,40,60	0.0,3,40,60	0.0,3,40,60	0.0,3,40,60	0.0,3,40,60	0.0,3,40,60	0.0,3,40,60	75.0,3,40,60	41.0,3,40,60	66.0,3,40,60	84.0,3,40,60	61.0,3,40,60	76.0,3,40,60	193.0,3,39,59	201.0,3,38,59	169.0,3,39,59	105.0,3,39,60	111.0,3,39,60	91.0,3,40,60	100.0,3,39,60	84.0,3,40,60	86.0,3,40,60	75.0,3,40,60	91.0,3,40,60	73.0,3,40,60	92.0,3,40,60	123.0,3,39,60	162.0,3,39,59	168.0,3,39,59	229.0,3,38,59	192.0,3,39,59	282.0,3,38,59	256.0,3,38,59	331.0,3,37,58	390.0,3,37,58	348.0,3,37,58	401.0,3,36,58	393.0,3,37,58	489.0,3,36,57	454.0,3,36,57	521.0,4,35,57	317.0,3,37,58
0.0,3,40,60	0.0,3,40,60	0.0,3,40,60	0.0,3,40,60	0.0,3,40,60	0.0,3,40,60	0.0,3,40,60	0.0,3,40,60	0.0,3,40,60	0.0,3,40,60	0.0,3,40,60	0.0,3,40,60	0.0,3,40,60	0.0,3,40,60	0.0,3,40,60	0.0,3,40,60	0.0,3,40,60	0.0,3,40,60	0.0,3,40,60	0.0,3,40,60	0.0,3,40,60	0.0,3,40,60	0.0,3,40,60	0.0,3,40,60	0.0,3,40,60	0.0,3,40,60	0.0,3,40,60	0.0,3,40,60	0.0,3,40,60	0.0,3,40,60	0.0,3,40,60	0.0,3,40,60	0.0,3,40,60	88.0,3,40,60	53.0,3,40,60	121.0,3,39,60	124.0,3,39,60	150.0,3,39,59	132.0,3,39,60	165.0,3,39,59	141.0,3,39,60	226.0,3,38,59	206.0,3,38,59	197.0,3,39,59	181.0,3,39,59	97.0,3,40,60	90.0,3,40,60	82.0,3,40,60	97.0,3,40,60	88.0,3,40,60	64.0,3,40,60	68.0,3,40,60	87.0,3,40,60	102.0,3,39,60	91.0,3,40,60	125.0,3,39,60	129.0,3,39,60	137.0,3,39,60	206.0,3,38,59	184.0,3,39,59	300.0,3,37,58	194.0,3,39,59	193.0,3,39,59	262.0,3,38,59	270.0,3,38,59	344.0,3,37,58	356.0,3,37,58	412.0,3,36,58	313.0,3,37,58	350.0,3,37,58
0.0,3,40,60	0.0,3,40,60	0.0,3,40,60	0.0,3,40,60	0.0,3,40,60	0.0,3,40,60	0.0,3,40,60	0.0,3,40,60	0.0,3,40,60	0.0,3,40,60	0.0,3,40,60	0.0,3,40,60	0.0,3,40,60	0.0,3,40,60	0.0,3,40,60	0.0,3,40,60	0.0,3,40,60	0.0,3,40,60	0.0,3,40,60	0.0,3,40,60	83.0,3,40,60	49.0,3,40,60	87.0,3,40,60	81.0,3,40,60	0.0,3,40,60	0.0,3,40,60	0.0,3,40,60	0.0,3,40,60	0.0,3,40,60	0.0,3,40,60	0.0,3,40,60	0.0,3,40,60	0.0,3,40,60	91.0,3,40,60	117.0,3,39,60	144.0,3,39,60	120.0,3,39,60	142.0,3,39,60	168.0,3,39,59	166.0,3,39,59	208.0,3,38,59	148.0,3,39,60	182.0,3,39,59	167.0,3,39,59	184.0,3,39,59	173.0,3,39,59	150.0,3,39,59	123.0,3,39,60	108.0,3,39,60	76.0,3,40,60	60.0,3,40,60	58.0,3,40,60	109.0,3,39,60	146.0,3,39,60	71.0,3,40,60	83.0,3,40,60	106.0,3,39,60	93.0,3,40,60	169.0,3,39,59	104.0,3,39,60	198.0,3,39,59	223.0,3,38,59	264.0,3,38,59	156.0,3,39,59	161.0,3,39,59	271.0,3,38,59	346.0,3,37,58	363.0,3,37,58	377.0,3,37,58	348.0,3,37,58
0.0,3,40,60	0.0,3,40,60	0.0,3,40,60	0.0,3,40,60	0.0,3,40,60	0.0,3,40,60	0.0,3,40,60	0.0,3,40,60	0.0,3,40,60	0.0,3,40,60	0.0,3,40,60	0.0,3,40,60	0.0,3,40,60	0.0,3,40,60	0.0,3,40,60	0.0,3,40,60	0.0,3,40,60	0.0,3,40,60	0.0,3,40,60	0.0,3,40,60	63.0,3,40,60	144.0,3,39,60	20.0,3,40,60	28.0,3,40,60	0.0,3,40,60	0.0,3,40,60	0.0,3,40,60	0.0,3,40,60	0.0,3,40,60	0.0,3,40,60	0.0,3,40,60	0.0,3,40,60	12.0,3,40,60	2.0,3,40,60	72.0,3,40,60	34.0,3,40,60	35.0,3,40,60	84.0,3,40,60	136.0,3,39,60	166.0,3,39,59	106.0,3,39,60	208.0,3,38,59	98.0,3,40,60	172.0,3,39,59	77.0,3,40,60	138.0,3,39,60	142.0,3,39,60	125.0,3,39,60	58.0,3,40,60	120.0,3,39,60	43.0,3,40,60	149.0,3,39,60	142.0,3,39,60	67.0,3,40,60	179.0,3,39,59	152.0,3,39,59	88.0,3,40,60	90.0,3,40,60	125.0,3,39,60	74.0,3,40,60	78.0,3,40,60	154.0,3,39,59	172.0,3,39,59	198.0,3,39,59	203.0,3,38,59	253.0,3,38,59	243.0,3,38,59	343.0,3,37,58	357.0,3,37,58	358.0,3,37,58
0.0,3,40,60	0.0,3,40,60	0.0,3,40,60	0.0,3,40,60	0.0,3,40,60	0.0,3,40,60	0.0,3,40,60	0.0,3,40,60	0.0,3,40,60	0.0,3,40,60	0.0,3,40,60	0.0,3,40,60	0.0,3,40,60	0.0,3,40,60	0.0,3,40,60	0.0,3,40,60	0.0,3,40,60	0.0,3,40,60	0.0,3,40,60	0.0,3,40,60	16.0,3,40,60	55.0,3,40,60	15.0,3,40,60	8.0,3,40,60	1.0,3,40,60	1.0,3,40,60	0.0,3,40,60	0.0,3,40,60	0.0,3,40,60	0.0,3,40,60	0.0,3,40,60	0.0,3,40,60	70.0,3,40,60	58.0,3,40,60	113.0,3,39,60	110.0,3,39,60	137.0,3,39,60	45.0,3,40,60	74.0,3,40,60	152.0,3,39,59	34.0,3,40,60	157.0,3,39,59	128.0,3,39,60	211.0,3,38,59	96.0,3,40,60	88.0,3,40,60	149.0,3,39,60	69.0,3,40,60	65.0,3,40,60	44.0,3,40,60	89.0,3,40,60	149.0,3,39,60	42.0,3,40,60	44.0,3,40,60	167.0,3,39,59	46.0,3,40,60	59.0,3,40,60	63.0,3,40,60	135.0,3,39,60	113.0,3,39,60	153.0,3,39,59	94.0,3,40,60	190.0,3,39,59	253.0,3,38,59	282.0,3,38,59	217.0,3,38,59	262.0,3,38,59	256.0,3,38,59	361.0,3,37,58	336.0,3,37,58
0.0,3,40,60	0.0,3,40,60	0.0,3,40,60	0.0,3,40,60	0.0,3,40,60	0.0,3,40,60	0.0,3,40,60	0.0,3,40,60	0.0,3,40,60	0.0,3,40,60	0.0,3,40,60	0.0,3,40,60	0.0,3,40,60	0.0,3,40,60	0.0,3,40,60	0.0,3,40,60	0.0,3,40,60	0.0,3,40,60	0.0,3,40,60	0.0,3,40,60	0.0,3,40,60	8.0,3,40,60	79.0,3,40,60	6.0,3,40,60	17.0,3,40,60	39.0,3,40,60	21.0,3,40,60	56.0,3,40,60	47.0,3,40,60	49.0,3,40,60	7.0,3,40,60	70.0,3,40,60	130.0,3,39,60	146.0,3,39,60	164.0,3,39,59	152.0,3,39,59	138.0,3,39,60	124.0,3,39,60	53.0,3,40,60	9.0,3,40,60	70.0,3,40,60	147.0,3,39,60	93.0,3,40,60	61.0,3,40,60	135.0,3,39,60	164.0,3,39,59	84.0,3,40,60	67.0,3,40,60	125.0,3,39,60	104.0,3,39,60	60.0,3,40,60	146.0,3,39,60	155.0,3,39,59	141.0,3,39,60	148.0,3,39,60	162.0,3,39,59	110.0,3,39,60	105.0,3,39,60	103.0,3,39,60	126.0,3,39,60	147.0,3,39,60	114.0,3,39,60	175.0,3,39,59	205.0,3,38,59	233.0,3,38,59	261.0,3,38,59	230.0,3,38,59	241.0,3,38,59	255.0,3,38,59	316.0,3,37,58
0.0,3,40,60	0.0,3,40,60	0.0,3,40,60	0.0,3,40,60	0.0,3,40,60	0.0,3,40,60	0.0,3,40,60	0.0,3,40,60	0.0,3,40,60	0.0,3,40,60	0.0,3,40,60	0.0,3,40,60	0.0,3,40,60	0.0,3,40,60	0.0,3,40,60	0.0,3,40,60	0.0,3,40,60	0.0,3,40,60	0.0,3,40,60	0.0,3,40,60	0.0,3,40,60	0.0,3,40,60	33.0,3,40,60	62.0,3,40,60	34.0,3,40,60	148.0,3,39,60	97.0,3,40,60	90.0,3,40,60	107.0,3,39,60	7.0,3,40,60	6.0,3,40,60	4.0,3,40,60	155.0,3,39,59	149.0,3,39,60	162.0,3,39,59	172.0,3,39,59	135.0,3,39,60	123.0,3,39,60	139.0,3,39,60	126.0,3,39,60	28.0,3,40,60	150.0,3,39,59	44.0,3,40,60	124.0,3,39,60	143.0,3,39,60	108.0,3,39,60	28.0,3,40,60	75.0,3,40,60	92.0,3,40,60	98.0,3,40,60	85.0,3,40,60	124.0,3,39,60	163.0,3,39,59	195.0,3,39,59	218.0,3,38,59	249.0,3,38,59	174.0,3,39,59	181.0,3,39,59	95.0,3,40,60	132.0,3,39,60	160.0,3,39,59	172.0,3,39,59	148.0,3,39,60	203.0,3,38,59	281.0,3,38,59	204.0,3,38,59	242.0,3,38,59	201.0,3,38,59	195.0,3,39,59	314.0,3,37,58
0.0,3,40,60	0.0,3,40,60	0.0,3,40,60	0.0,3,40,60	0.0,3,40,60	0.0,3,40,60	0.0,3,40,60	0.0,3,40,60	0.0,3,40,60	0.0,3,40,60	0.0,3,40,60	0.0,3,40,60	0.0,3,40,60	0.0,3,40,60	0.0,3,40,60	0.0,3,40,60	0.0,3,40,60	0.0,3,40,60	0.0,3,40,60	0.0,3,40,60	0.0,3,40,60	0.0,3,40,60	66.0,3,40,60	87.0,3,40,60	132.0,3,39,60	55.0,3,40,60	134.0,3,39,60	185.0,3,39,59	162.0,3,39,59	135.0,3,39,60	62.0,3,40,60	41.0,3,40,60	97.0,3,40,60	124.0,3,39,60	178.0,3,39,59	174.0,3,39,59	122.0,3,39,60	149.0,3,39,60	140.0,3,39,60	138.0,3,39,60	126.0,3,39,60	113.0,3,39,60	103.0,3,39,60	104.0,3,39,60	102.0,3,39,60	76.0,3,40,60	101.0,3,39,60	86.0,3,40,60	98.0,3,40,60	102.0,3,39,60	86.0,3,40,60	194.0,3,39,59	184.0,3,39,59	85.0,3,40,60	241.0,3,38,59	150.0,3,39,59	241.0,3,38,59	72.0,3,40,60	86.0,3,40,60	119.0,3,39,60	157.0,3,39,59	158.0,3,39,59	177.0,3,39,59	249.0,3,38,59	262.0,3,38,59	319.0,3,37,58	323.0,3,37,58	226.0,3,38,59	227.0,3,38,59	353.0,3,37,58
0.0,3,40,60	0.0,3,40,60	0.0,3,40,60	0.0,3,40,60	0.0,3,40,60	0.0,3,40,60	0.0,3,40,60	0.0,3,40,60	0.0,3,40,60	0.0,3,40,60	0.0,3,40,60	0.0,3,40,60	0.0,3,40,60	0.0,3,40,60	0.0,3,40,60	0.0,3,40,60	0.0,3,40,60	0.0,3,40,60	0.0,3,40,60	0.0,3,40,60	0.0,3,40,60	0.0,3,40,60	44.0,3,40,60	96.0,3,40,60	159.0,3,39,59	106.0,3,39,60	128.0,3,39,60	205.0,3,38,59	108.0,3,39,60	210.0,3,38,59	150.0,3,39,59	59.0,3,40,60	175.0,3,39,59	154.0,3,39,59	219.0,3,38,59	206.0,3,38,59	171.0,3,39,59	152.0,3,39,59	142.0,3,39,60	144.0,3,39,60	136.0,3,39,60	132.0,3,39,60	83.0,3,40,60	105.0,3,39,60	64.0,3,40,60	43.0,3,40,60	33.0,3,40,60	50.0,3,40,60	119.0,3,39,60	46.0,3,40,60	147.0,3,39,60	146.0,3,39,60	200.0,3,38,59	202.0,3,38,59	201.0,3,38,59	230.0,3,38,59	208.0,3,38,59	91.0,3,40,60	117.0,3,39,60	83.0,3,40,60	147.0,3,39,60	203.0,3,38,59	180.0,3,39,59	186.0,3,39,59	296.0,3,38,59	298.0,3,38,59	228.0,3,38,59	324.0,3,37,58	212.0,3,38,59	381.0,3,37,58
0.0,3,40,60	0.0,3,40,60	0.0,3,40,60	0.0,3,40,60	0.0,3,40,60	0.0,3,40,60	0.0,3,40,60	0.0,3,40,60	0.0,3,40,60	0.0,3,40,60	0.0,3,40,60	39.0,3,40,60	1.0,3,40,60	0.0,3,40,60	0.0,3,40,60	0.0,3,40,60	0.0,3,40,60	0.0,3,40,60	0.0,3,40,60	0.0,3,40,60	0.0,3,40,60	0.0,3,40,60	92.0,3,40,60	102.0,3,39,60	205.0,3,38,59	324.0,3,37,58	223.0,3,38,59	196.0,3,39,59	205.0,3,38,59	183.0,3,39,59	169.0,3,39,59	213.0,3,38,59	100.0,3,39,60	263.0,3,38,59	292.0,3,38,59	271.0,3,38,59	206.0,3,38,59	171.0,3,39,59	172.0,3,39,59	142.0,3,39,60	131.0,3,39,60	125.0,3,39,60	177.0,3,39,59	77.0,3,40,60	177.0,3,39,59	146.0,3,39,60	70.0,3,40,60	45.0,3,40,60	115.0,3,39,60	126.0,3,39,60	66.0,3,40,60	81.0,3,40,60	155.0,3,39,59	180.0,3,39,59	185.0,3,39,59	157.0,3,39,59	143.0,3,39,60	147.0,3,39,60	124.0,3,39,60	132.0,3,39,60	151.0,3,39,59	140.0,3,39,60	139.0,3,39,60	188.0,3,39,59	289.0,3,38,59	326.0,3,37,58	226.0,3,38,59	237.0,3,38,59	235.0,3,38,59	295.0,3,38,59
0.0,3,40,60	0.0,3,40,60	0.0,3,40,60	0.0,3,40,60	0.0,3,40,60	0.0,3,40,60	13.0,3,40,60	0.0,3,40,60	80.0,3,40,60	76.0,3,40,60	92.0,3,40,60	64.0,3,40,60	73.0,3,40,60	89.0,3,40,60	0.0,3,40,60	0.0,3,40,60	0.0,3,40,60	0.0,3,40,60	0.0,3,40,60	0.0,3,40,60	0.0,3,40,60	0.0,3,40,60	17.0,3,40,60	6.0,3,40,60	156.0,3,39,59	113.0,3,39,60	287.0,3,38,59	241.0,3,38,59	200.0,3,38,59	203.0,3,38,59	168.0,3,39,59	180.0,3,39,59	183.0,3,39,59	228.0,3,38,59	275.0,3,38,59	273.0,3,38,59	231.0,3,38,59	177.0,3,39,59	169.0,3,39,59	162.0,3,39,59	133.0,3,39,60	133.0,3,39,60	152.0,3,39,59	173.0,3,39,59	133.0,3,39,60	79.0,3,40,60	95.0,3,40,60	61.0,3,40,60	95.0,3,40,60	113.0,3,39,60	85.0,3,40,60	133.0,3,39,60	135.0,3,39,60	188.0,3,39,59	162.0,3,39,59	101.0,3,39,60	108.0,3,39,60	154.0,3,39,59	164.0,3,39,59	196.0,3,39,59	95.0,3,40,60	125.0,3,39,60	154.0,3,39,59	242.0,3,38,59	326.0,3,37,58	341.0,3,37,58	325.0,3,37,58	261.0,3,38,59	325.0,3,37,58	248.0,3,38,59
0.0,3,40,60	0.0,3,40,60	0.0,3,40,60	17.0,3,40,60	67.0,3,40,60	82.0,3,40,60	94.0,3,40,60	90.0,3,40,60	117.0,3,39,60	157.0,3,39,59	142.0,3,39,60	137.0,3,39,60	117.0,3,39,60	110.0,3,39,60	0.0,3,40,60	0.0,3,40,60	78.0,3,40,60	53.0,3,40,60	27.0,3,40,60	0.0,3,40,60	3.0,3,40,60	50.0,3,40,60	19.0,3,40,60	59.0,3,40,60	97.0,3,40,60	95.0,3,40,60	134.0,3,39,60	120.0,3,39,60	252.0,3,38,59	204.0,3,38,59	290.0,3,38,59	324.0,3,37,58	259.0,3,38,59	190.0,3,39,59	160.0,3,39,59	261.0,3,38,59	235.0,3,38,59	281.0,3,38,59	201.0,3,38,59	216.0,3,38,59	206.0,3,38,59	145.0,3,39,60	158.0,3,39,59	162.0,3,39,59	95.0,3,40,60	55.0,3,40,60	75.0,3,40,60	67.0,3,40,60	83.0,3,40,60	97.0,3,40,60	115.0,3,39,60	132.0,3,39,60	146.0,3,39,60	142.0,3,39,60	117.0,3,39,60	84.0,3,40,60	83.0,3,40,60	106.0,3,39,60	107.0,3,39,60	120.0,3,39,60	124.0,3,39,60	133.0,3,39,60	137.0,3,39,60	157.0,3,39,59	302.0,3,37,58	352.0,3,37,58	399.0,3,37,58	246.0,3,38,59	408.0,3,36,58	375.0,3,37,58
0.0,3,40,60	0.0,3,40,60	71.0,3,40,60	88.0,3,40,60	98.0,3,40,60	63.0,3,40,60	100.0,3,39,60	216.0,3,38,59	196.0,3,39,59	251.0,3,38,59	219.0,3,38,59	269.0,3,38,59	165.0,3,39,59	180.0,3,39,59	124.0,3,39,60	51.0,3,40,60	85.0,3,40,60	84.0,3,40,60	101.0,3,39,60	59.0,3,40,60	60.0,3,40,60	105.0,3,39,60	12.0,3,40,60	135.0,3,39,60	160.0,3,39,59	186.0,3,39,59	183.0,3,39,59	143.0,3,39,60	164.0,3,39,59	140.0,3,39,60	213.0,3,38,59	199.0,3,39,59	145.0,3,39,60	144.0,3,39,60	187.0,3,39,59	163.0,3,39,59	213.0,3,38,59	165.0,3,39,59	233.0,3,38,59	196.0,3,39,59	163.0,3,39,59	127.0,3,39,60	149.0,3,39,60	150.0,3,39,59	149.0,3,39,60	91.0,3,40,60	75.0,3,40,60	58.0,3,40,60	86.0,3,40,60	90.0,3,40,60	123.0,3,39,60	120.0,3,39,60	57.0,3,40,60	76.0,3,40,60	114.0,3,39,60	94.0,3,40,60	81.0,3,40,60	129.0,3,39,60	163.0,3,39,59	108.0,3,39,60	111.0,3,39,60	135.0,3,39,60	164.0,3,39,59	238.0,3,38,59	297.0,3,38,59	347.0,3,37,58	387.0,3,37,58	290.0,3,38,59	325.0,3,37,58	302.0,3,37,58
0.0,3,40,60	0.0,3,40,60	0.0,3,40,60	0.0,3,40,60	41.0,3,40,60	114.0,3,39,60	213.0,3,38,59	222.0,3,38,59	132.0,3,39,60	189.0,3,39,59	155.0,3,39,59	258.0,3,38,59	205.0,3,38,59	299.0,3,38,59	191.0,3,39,59	154.0,3,39,59	129.0,3,39,60	70.0,3,40,60	92.0,3,40,60	56.0,3,40,60	72.0,3,40,60	97.0,3,40,60	76.0,3,40,60	93.0,3,40,60	111.0,3,39,60	201.0,3,38,59	222.0,3,38,59	137.0,3,39,60	146.0,3,39,60	296.0,3,38,59	220.0,3,38,59	166.0,3,39,59	136.0,3,39,60	152.0,3,39,59	100.0,3,39,60	178.0,3,39,59	143.0,3,39,60	174.0,3,39,59	260.0,3,38,59	191.0,3,39,59	167.0,3,39,59	143.0,3,39,60	149.0,3,39,60	147.0,3,39,60	144.0,3,39,60	133.0,3,39,60	142.0,3,39,60	113.0,3,39,60	132.0,3,39,60	49.0,3,40,60	71.0,3,40,60	78.0,3,40,60	151.0,3,39,59	122.0,3,39,60	162.0,3,39,59	166.0,3,39,59	127.0,3,39,60	156.0,3,39,59	142.0,3,39,60	112.0,3,39,60	129.0,3,39,60	187.0,3,39,59	269.0,3,38,59	292.0,3,38,59	318.0,3,37,58	391.0,3,37,58	380.0,3,37,58	284.0,3,38,59	299.0,3,38,59	360.0,3,37,58
0.0,3,40,60	0.0,3,40,60	0.0,3,40,60	56.0,3,40,60	61.0,3,40,60	47.0,3,40,60	120.0,3,39,60	112.0,3,39,60	130.0,3,39,60	116.0,3,39,60	213.0,3,38,59	222.0,3,38,59	192.0,3,39,59	226.0,3,38,59	249.0,3,38,59	136.0,3,39,60	218.0,3,38,59	100.0,3,39,60	104.0,3,39,60	83.0,3,40,60	86.0,3,40,60	39.0,3,40,60	78.0,3,40,60	96.0,3,40,60	116.0,3,39,60	136.0,3,39,60	104.0,3,39,60	103.0,3,39,60	146.0,3,39,60	269.0,3,38,59	248.0,3,38,59	206.0,3,38,59	64.0,3,40,60	85.0,3,40,60	79.0,3,40,60	157.0,3,39,59	155.0,3,39,59	213.0,3,38,59	226.0,3,38,59	167.0,3,39,59	137.0,3,39,60	140.0,3,39,60	138.0,3,39,60	136.0,3,39,60	131.0,3,39,60	125.0,3,39,60	134.0,3,39,60	106.0,3,39,60	113.0,3,39,60	129.0,3,39,60	149.0,3,39,60	187.0,3,39,59	76.0,3,40,60	234.0,3,38,59	134.0,3,39,60	215.0,3,38,59	208.0,3,38,59	118.0,3,39,60	130.0,3,39,60	144.0,3,39,60	236.0,3,38,59	188.0,3,39,59	317.0,3,37,58	366.0,3,37,58	351.0,3,37,58	312.0,3,37,58	425.0,3,36,58	404.0,3,36,58	366.0,3,37,58	416.0,3,36,58
0.0,3,40,60	0.0,3,40,60	0.0,3,40,60	0.0,3,40,60	0.0,3,40,60	90.0,3,40,60	189.0,3,39,59	195.0,3,39,59	169.0,3,39,59	193.0,3,39,59	183.0,3,39,59	178.0,3,39,59	165.0,3,39,59	120.0,3,39,60	131.0,3,39,60	158.0,3,39,59	127.0,3,39,60	105.0,3,39,60	59.0,3,40,60	95.0,3,40,60	50.0,3,40,60	56.0,3,40,60	44.0,3,40,60	100.0,3,39,60	95.0,3,40,60	149.0,3,39,60	140.0,3,39,60	109.0,3,39,60	102.0,3,39,60	119.0,3,39,60	156.0,3,39,59	125.0,3,39,60	121.0,3,39,60	77.0,3,40,60	93.0,3,40,60	74.0,3,40,60	156.0,3,39,59	200.0,3,38,59	171.0,3,39,59	158.0,3,39,59	112.0,3,39,60	130.0,3,39,60	128.0,3,39,60	123.0,3,39,60	126.0,3,39,60	110.0,3,39,60	112.0,3,39,60	85.0,3,40,60	93.0,3,40,60	102.0,3,39,60	138.0,3,39,60	188.0,3,39,59	67.0,3,40,60	212.0,3,38,59	250.0,3,38,59	275.0,3,38,59	189.0,3,39,59	170.0,3,39,59	186.0,3,39,59	267.0,3,38,59	326.0,3,37,58	313.0,3,37,58	230.0,3,38,59	298.0,3,38,59	348.0,3,37,58	336.0,3,37,58	371.0,3,37,58	349.0,3,37,58	399.0,3,37,58	372.0,3,37,58
0.0,3,40,60	0.0,3,40,60	0.0,3,40,60	33.0,3,40,60	90.0,3,40,60	149.0,3,39,60	57.0,3,40,60	133.0,3,39,60	181.0,3,39,59	172.0,3,39,59	110.0,3,39,60	139.0,3,39,60	98.0,3,40,60	121.0,3,39,60	117.0,3,39,60	99.0,3,40,60	62.0,3,40,60	134.0,3,39,60	140.0,3,39,60	109.0,3,39,60	54.0,3,40,60	34.0,3,40,60	42.0,3,40,60	49.0,3,40,60	95.0,3,40,60	111.0,3,39,60	84.0,3,40,60	76.0,3,40,60	91.0,3,40,60	69.0,3,40,60	122.0,3,39,60	64.0,3,40,60	125.0,3,39,60	83.0,3,40,60	86.0,3,40,60	122.0,3,39,60	185.0,3,39,59	151.0,3,39,59	220.0,3,38,59	145.0,3,39,60	125.0,3,39,60	122.0,3,39,60	127.0,3,39,60	122.0,3,39,60	143.0,3,39,60	143.0,3,39,60	152.0,3,39,59	102.0,3,39,60	99.0,3,40,60	128.0,3,39,60	140.0,3,39,60	177.0,3,39,59	154.0,3,39,59	223.0,3,38,59	107.0,3,39,60	107.0,3,39,60	127.0,3,39,60	180.0,3,39,59	289.0,3,38,59	248.0,3,38,59	277.0,3,38,59	318.0,3,37,58	259.0,3,38,59	341.0,3,37,58	411.0,3,36,58	419.0,3,36,58	342.0,3,37,58	404.0,3,36,58	311.0,3,37,58	319.0,3,37,58
0.0,3,40,60	0.0,3,40,60	0.0,3,40,60	0.0,3,40,60	6.0,3,40,60	28.0,3,40,60	65.0,3,40,60	33.0,3,40,60	88.0,3,40,60	91.0,3,40,60	20.0,3,40,60	92.0,3,40,60	91.0,3,40,60	130.0,3,39,60	115.0,3,39,60	73.0,3,40,60	64.0,3,40,60	75.0,3,40,60	29.0,3,40,60	61.0,3,40,60	105.0,3,39,60	63.0,3,40,60	77.0,3,40,60	76.0,3,40,60	81.0,3,40,60	61.0,3,40,60	89.0,3,40,60	36.0,3,40,60	97.0,3,40,60	61.0,3,40,60	55.0,3,40,60	75.0,3,40,60	49.0,3,40,60	65.0,3,40,60	125.0,3,39,60	121.0,3,39,60	93.0,3,40,60	163.0,3,39,59	152.0,3,39,59	90.0,3,40,60	122.0,3,39,60	129.0,3,39,60	110.0,3,39,60	106.0,3,39,60	98.0,3,40,60	118.0,3,39,60	130.0,3,39,60	121.0,3,39,60	99.0,3,40,60	115.0,3,39,60	181.0,3,39,59	167.0,3,39,59	234.0,3,38,59	113.0,3,39,60	111.0,3,39,60	150.0,3,39,59	159.0,3,39,59	251.0,3,38,59	301.0,3,37,58	292.0,3,38,59	205.0,3,38,59	279.0,3,38,59	310.0,3,37,58	403.0,3,36,58	398.0,3,37,58	371.0,3,37,58	340.0,3,37,58	294.0,3,38,59	267.0,3,38,59	263.0,3,38,59
0.0,3,40,60	0.0,3,40,60	0.0,3,40,60	0.0,3,40,60	0.0,3,40,60	0.0,3,40,60	0.0,3,40,60	0.0,3,40,60	0.0,3,40,60	50.0,3,40,60	43.0,3,40,60	46.0,3,40,60	43.0,3,40,60	84.0,3,40,60	84.0,3,40,60	114.0,3,39,60	65.0,3,40,60	97.0,3,40,60	22.0,3,40,60	52.0,3,40,60	25.0,3,40,60	85.0,3,40,60	65.0,3,40,60	98.0,3,40,60	100.0,3,39,60	64.0,3,40,60	54.0,3,40,60	65.0,3,40,60	77.0,3,40,60	24.0,3,40,60	49.0,3,40,60	63.0,3,40,60	88.0,3,40,60	80.0,3,40,60	136.0,3,39,60	134.0,3,39,60	128.0,3,39,60	69.0,3,40,60	124.0,3,39,60	127.0,3,39,60	121.0,3,39,60	112.0,3,39,60	83.0,3,40,60	116.0,3,39,60	119.0,3,39,60	142.0,3,39,60	107.0,3,39,60	139.0,3,39,60	136.0,3,39,60	149.0,3,39,60	191.0,3,39,59	190.0,3,39,59	255.0,3,38,59	207.0,3,38,59	97.0,3,40,60	188.0,3,39,59	268.0,3,38,59	180.0,3,39,59	323.0,3,37,58	300.0,3,37,58	307.0,3,37,58	374.0,3,37,58	365.0,3,37,58	439.0,3,36,58	466.0,3,36,57	400.0,3,36,58	377.0,3,37,58	357.0,3,37,58	298.0,3,38,59	217.0,3,38,59
0.0,3,40,60	0.0,3,40,60	0.0,3,40,60	0.0,3,40,60	0.0,3,40,60	0.0,3,40,60	0.0,3,40,60	0.0,3,40,60	0.0,3,40,60	0.0,3,40,60	0.0,3,40,60	6.0,3,40,60	10.0,3,40,60	37.0,3,40,60	26.0,3,40,60	102.0,3,39,60	90.0,3,40,60	84.0,3,40,60	14.0,3,40,60	1.0,3,40,60	41.0,3,40,60	52.0,3,40,60	70.0,3,40,60	70.0,3,40,60	89.0,3,40,60	59.0,3,40,60	33.0,3,40,60	42.0,3,40,60	57.0,3,40,60	47.0,3,40,60	24.0,3,40,60	63.0,3,40,60	38.0,3,40,60	43.0,3,40,60	44.0,3,40,60	119.0,3,39,60	144.0,3,39,60	145.0,3,39,60	126.0,3,39,60	114.0,3,39,60	111.0,3,39,60	88.0,3,40,60	116.0,3,39,60	113.0,3,39,60	115.0,3,39,60	134.0,3,39,60	141.0,3,39,60	158.0,3,39,59	129.0,3,39,60	145.0,3,39,60	197.0,3,39,59	263.0,3,38,59	248.0,3,38,59	333.0,3,37,58	222.0,3,38,59	177.0,3,39,59	236.0,3,38,59	290.0,3,38,59	248.0,3,38,59	334.0,3,37,58	378.0,3,37,58	322.0,3,37,58	452.0,3,36,57	453.0,3,36,57	405.0,3,36,58	266.0,3,38,59	277.0,3,38,59	342.0,3,37,58	254.0,3,38,59	293.0,3,38,59
0.0,3,40,60	0.0,3,40,60	0.0,3,40,60	0.0,3,40,60	0.0,3,40,60	0.0,3,40,60	0.0,3,40,60	0.0,3,40,60	0.0,3,40,60	0.0,3,40,60	0.0,3,40,60	0.0,3,40,60	0.0,3,40,60	6.0,3,40,60	0.0,3,40,60	11.0,3,40,60	34.0,3,40,60	39.0,3,40,60	46.0,3,40,60	23.0,3,40,60	42.0,3,40,60	80.0,3,40,60	61.0,3,40,60	84.0,3,40,60	63.0,3,40,60	48.0,3,40,60	65.0,3,40,60	71.0,3,40,60	17.0,3,40,60	34.0,3,40,60	51.0,3,40,60	74.0,3,40,60	73.0,3,40,60	110.0,3,39,60	123.0,3,39,60	113.0,3,39,60	151.0,3,39,59	128.0,3,39,60	112.0,3,39,60	73.0,3,40,60	114.0,3,39,60	80.0,3,40,60	101.0,3,39,60	114.0,3,39,60	121.0,3,39,60	149.0,3,39,60	156.0,3,39,59	190.0,3,39,59	203.0,3,38,59	132.0,3,39,60	199.0,3,39,59	251.0,3,38,59	235.0,3,38,59	229.0,3,38,59	180.0,3,39,59	166.0,3,39,59	249.0,3,38,59	288.0,3,38,59	270.0,3,38,59	332.0,3,37,58	367.0,3,37,58	378.0,3,37,58	477.0,3,36,57	385.0,3,37,58	316.0,3,37,58	259.0,3,38,59	261.0,3,38,59	202.0,3,38,59	219.0,3,38,59	258.0,3,38,59
0.0,3,40,60	0.0,3,40,60	0.0,3,40,60	0.0,3,40,60	0.0,3,40,60	0.0,3,40,60	0.0,3,40,60	0.0,3,40,60	0.0,3,40,60	0.0,3,40,60	0.0,3,40,60	0.0,3,40,60	0.0,3,40,60	0.0,3,40,60	0.0,3,40,60	0.0,3,40,60	0.0,3,40,60	2.0,3,40,60	33.0,3,40,60	6.0,3,40,60	34.0,3,40,60	20.0,3,40,60	7.0,3,40,60	24.0,3,40,60	43.0,3,40,60	71.0,3,40,60	44.0,3,40,60	62.0,3,40,60	27.0,3,40,60	16.0,3,40,60	21.0,3,40,60	45.0,3,40,60	61.0,3,40,60	87.0,3,40,60	97.0,3,40,60	82.0,3,40,60	109.0,3,39,60	115.0,3,39,60	87.0,3,40,60	118.0,3,39,60	90.0,3,40,60	100.0,3,39,60	114.0,3,39,60	109.0,3,39,60	113.0,3,39,60	134.0,3,39,60	168.0,3,39,59	219.0,3,38,59	197.0,3,39,59	209.0,3,38,59	216.0,3,38,59	227.0,3,38,59	274.0,3,38,59	162.0,3,39,59	264.0,3,38,59	188.0,3,39,59	376.0,3,37,58	365.0,3,37,58	350.0,3,37,58	341.0,3,37,58	467.0,3,36,57	505.0,4,35,57	557.0,4,35,57	344.0,3,37,58	237.0,3,38,59	212.0,3,38,59	227.0,3,38,59	190.0,3,39,59	229.0,3,38,59	310.0,3,37,58
0.0,3,40,60	0.0,3,40,60	0.0,3,40,60	0.0,3,40,60	0.0,3,40,60	0.0,3,40,60	0.0,3,40,60	0.0,3,40,60	0.0,3,40,60	0.0,3,40,60	0.0,3,40,60	0.0,3,40,60	0.0,3,40,60	0.0,3,40,60	0.0,3,40,60	0.0,3,40,60	41.0,3,40,60	6.0,3,40,60	5.0,3,40,60	9.0,3,40,60	82.0,3,40,60	40.0,3,40,60	12.0,3,40,60	29.0,3,40,60	63.0,3,40,60	74.0,3,40,60	88.0,3,40,60	41.0,3,40,60	101.0,3,39,60	46.0,3,40,60	82.0,3,40,60	28.0,3,40,60	103.0,3,39,60	100.0,3,39,60	43.0,3,40,60	92.0,3,40,60	89.0,3,40,60	88.0,3,40,60	58.0,3,40,60	104.0,3,39,60	83.0,3,40,60	111.0,3,39,60	89.0,3,40,60	116.0,3,39,60	109.0,3,39,60	139.0,3,39,60	215.0,3,38,59	241.0,3,38,59	387.0,3,37,58	249.0,3,38,59	201.0,3,38,59	223.0,3,38,59	273.0,3,38,59	248.0,3,38,59	200.0,3,38,59	341.0,3,37,58	342.0,3,37,58	526.0,4,35,57	507.0,4,35,57	516.0,4,35,57	529.0,4,35,57	592.0,4,35,57	347.0,3,37,58	250.0,3,38,59	211.0,3,38,59	191.0,3,39,59	204.0,3,38,59	269.0,3,38,59	272.0,3,38,59	258.0,3,38,59
0.0,3,40,60	0.0,3,40,60	0.0,3,40,60	0.0,3,40,60	0.0,3,40,60	0.0,3,40,60	0.0,3,40,60	0.0,3,40,60	0.0,3,40,60	0.0,3,40,60	0.0,3,40,60	0.0,3,40,60	0.0,3,40,60	0.0,3,40,60	0.0,3,40,60	0.0,3,40,60	0.0,3,40,60	0.0,3,40,60	11.0,3,40,60	43.0,3,40,60	-1.0,3,40,60	31.0,3,40,60	0.0,3,40,60	30.0,3,40,60	92.0,3,40,60	102.0,3,39,60	96.0,3,40,60	97.0,3,40,60	77.0,3,40,60	43.0,3,40,60	100.0,3,39,60	42.0,3,40,60	38.0,3,40,60	49.0,3,40,60	114.0,3,39,60	93.0,3,40,60	105.0,3,39,60	93.0,3,40,60	105.0,3,39,60	140.0,3,39,60	112.0,3,39,60	104.0,3,39,60	110.0,3,39,60	114.0,3,39,60	94.0,3,40,60	140.0,3,39,60	238.0,3,38,59	231.0,3,38,59	216.0,3,38,59	193.0,3,39,59	153.0,3,39,59	205.0,3,38,59	305.0,3,37,58	303.0,3,37,58	273.0,3,38,59	264.0,3,38,59	547.0,4,35,57	553.0,4,35,57	536.0,4,35,57	435.0,3,36,58	423.0,3,36,58	309.0,3,37,58	403.0,3,36,58	216.0,3,38,59	214.0,3,38,59	184.0,3,39,59	223.0,3,38,59	237.0,3,38,59	271.0,3,38,59	237.0,3,38,59
0.0,3,40,60	0.0,3,40,60	0.0,3,40,60	0.0,3,40,60	0.0,3,40,60	0.0,3,40,60	0.0,3,40,60	0.0,3,40,60	0.0,3,40,60	0.0,3,40,60	0.0,3,40,60	0.0,3,40,60	0.0,3,40,60	0.0,3,40,60	0.0,3,40,60	0.0,3,40,60	0.0,3,40,60	0.0,3,40,60	0.0,3,40,60	18.0,3,40,60	12.0,3,40,60	-1.0,3,40,60	22.0,3,40,60	35.0,3,40,60	66.0,3,40,60	95.0,3,40,60	107.0,3,39,60	167.0,3,39,59	125.0,3,39,60	99.0,3,40,60	40.0,3,40,60	47.0,3,40,60	59.0,3,40,60	69.0,3,40,60	97.0,3,40,60	71.0,3,40,60	113.0,3,39,60	135.0,3,39,60	109.0,3,39,60	106.0,3,39,60	170.0,3,39,59	119.0,3,39,60	104.0,3,39,60	128.0,3,39,60	143.0,3,39,60	113.0,3,39,60	125.0,3,39,60	158.0,3,39,59	188.0,3,39,59	211.0,3,38,59	201.0,3,38,59	266.0,3,38,59	271.0,3,38,59	321.0,3,37,58	249.0,3,38,59	326.0,3,37,58	441.0,3,36,58	658.0,4,34,56	499.0,3,36,57	394.0,3,37,58	429.0,3,36,58	515.0,4,35,57	339.0,3,37,58	222.0,3,38,59	189.0,3,39,59	199.0,3,39,59	212.0,3,38,59	262.0,3,38,59	303.0,3,37,58	488.0,3,36,57
0.0,3,40,60	0.0,3,40,60	0.0,3,40,60	0.0,3,40,60	0.0,3,40,60	0.0,3,40,60	0.0,3,40,60	0.0,3,40,60	0.0,3,40,60	0.0,3,40,60	0.0,3,40,60	0.0,3,40,60	0.0,3,40,60	0.0,3,40,60	0.0,3,40,60	0.0,3,40,60	0.0,3,40,60	4.0,3,40,60	0.0,3,40,60	2.0,3,40,60	4.0,3,40,60	27.0,3,40,60	23.0,3,40,60	29.0,3,40,60	81.0,3,40,60	113.0,3,39,60	159.0,3,39,59	164.0,3,39,59	140.0,3,39,60	102.0,3,39,60	89.0,3,40,60	50.0,3,40,60	106.0,3,39,60	92.0,3,40,60	139.0,3,39,60	42.0,3,40,60	112.0,3,39,60	120.0,3,39,60	135.0,3,39,60	127.0,3,39,60	169.0,3,39,59	145.0,3,39,60	154.0,3,39,59	164.0,3,39,59	124.0,3,39,60	144.0,3,39,60	169.0,3,39,59	141.0,3,39,60	182.0,3,39,59	191.0,3,39,59	178.0,3,39,59	214.0,3,38,59	263.0,3,38,59	264.0,3,38,59	293.0,3,38,59	246.0,3,38,59	477.0,3,36,57	664.0,4,34,56	303.0,3,37,58	379.0,3,37,58	467.0,3,36,57	323.0,3,37,58	207.0,3,38,59	211.0,3,38,59	197.0,3,39,59	186.0,3,39,59	228.0,3,38,59	244.0,3,38,59	355.0,3,37,58	453.0,3,36,57
0.0,3,40,60	0.0,3,40,60	0.0,3,40,60	0.0,3,40,60	0.0,3,40,60	0.0,3,40,60	0.0,3,40,60	0.0,3,40,60	0.0,3,40,60	0.0,3,40,60	0.0,3,40,60	0.0,3,40,60	0.0,3,40,60	0.0,3,40,60	0.0,3,40,60	0.0,3,40,60	0.0,3,40,60	0.0,3,40,60	12.0,3,40,60	13.0,3,40,60	30.0,3,40,60	52.0,3,40,60	63.0,3,40,60	65.0,3,40,60	96.0,3,40,60	115.0,3,39,60	158.0,3,39,59	210.0,3,38,59	180.0,3,39,59	169.0,3,39,59	103.0,3,39,60	78.0,3,40,60	81.0,3,40,60	141.0,3,39,60	108.0,3,39,60	69.0,3,40,60	51.0,3,40,60	117.0,3,39,60	126.0,3,39,60	119.0,3,39,60	121.0,3,39,60	145.0,3,39,60	149.0,3,39,60	157.0,3,39,59	156.0,3,39,59	152.0,3,39,59	168.0,3,39,59	158.0,3,39,59	169.0,3,39,59	230.0,3,38,59	230.0,3,38,59	191.0,3,39,59	170.0,3,39,59	233.0,3,38,59	232.0,3,38,59	224.0,3,38,59	363.0,3,37,58	334.0,3,37,58	328.0,3,37,58	538.0,4,35,57	365.0,3,37,58	342.0,3,37,58	209.0,3,38,59	181.0,3,39,59	194.0,3,39,59	208.0,3,38,59	219.0,3,38,59	258.0,3,38,59	596.0,4,35,57	690.0,4,34,56
0.0,3,40,60	0.0,3,40,60	0.0,3,40,60	0.0,3,40,60	0.0,3,40,60	0.0,3,40,60	0.0,3,40,60	0.0,3,40,60	0.0,3,40,60	0.0,3,40,60	0.0,3,40,60	0.0,3,40,60	0.0,3,40,60	0.0,3,40,60	0.0,3,40,60	0.0,3,40,60	0.0,3,40,60	0.0,3,40,60	0.0,3,40,60	3.0,3,40,60	14.0,3,40,60	37.0,3,40,60	72.0,3,40,60	91.0,3,40,60	64.0,3,40,60	79.0,3,40,60	136.0,3,39,60	171.0,3,39,59	219.0,3,38,59	179.0,3,39,59	145.0,3,39,60	127.0,3,39,60	111.0,3,39,60	113.0,3,39,60	147.0,3,39,60	80.0,3,40,60	120.0,3,39,60	81.0,3,40,60	123.0,3,39,60	96.0,3,40,60	113.0,3,39,60	133.0,3,39,60	170.0,3,39,59	171.0,3,39,59	174.0,3,39,59	159.0,3,39,59	171.0,3,39,59	212.0,3,38,59	236.0,3,38,59	233.0,3,38,59	229.0,3,38,59	215.0,3,38,59	253.0,3,38,59	218.0,3,38,59	195.0,3,39,59	221.0,3,38,59	298.0,3,38,59	349.0,3,37,58	318.0,3,37,58	314.0,3,37,58	317.0,3,37,58	221.0,3,38,59	170.0,3,39,59	209.0,3,38,59	201.0,3,38,59	201.0,3,38,59	216.0,3,38,59	372.0,3,37,58	561.0,4,35,57	704.0,4,33,56
0.0,3,40,60	0.0,3,40,60	0.0,3,40,60	0.0,3,40,60	0.0,3,40,60	0.0,3,40,60	0.0,3,40,60	0.0,3,40,60	0.0,3,40,60	0.0,3,40,60	0.0,3,40,60	0.0,3,40,60	0.0,3,40,60	0.0,3,40,60	0.0,3,40,60	0.0,3,40,60	0.0,3,40,60	0.0,3,40,60	0.0,3,40,60	0.0,3,40,60	37.0,3,40,60	43.0,3,40,60	56.0,3,40,60	77.0,3,40,60	82.0,3,40,60	91.0,3,40,60	84.0,3,40,60	136.0,3,39,60	181.0,3,39,59	188.0,3,39,59	163.0,3,39,59	155.0,3,39,59	137.0,3,39,60	118.0,3,39,60	120.0,3,39,60	82.0,3,40,60	133.0,3,39,60	120.0,3,39,60	111.0,3,39,60	108.0,3,39,60	149.0,3,39,60	160.0,3,39,59	173.0,3,39,59	213.0,3,38,59	189.0,3,39,59	220.0,3,38,59	246.0,3,38,59	217.0,3,38,59	245.0,3,38,59	257.0,3,38,59	254.0,3,38,59	217.0,3,38,59	231.0,3,38,59	252.0,3,38,59	241.0,3,38,59	219.0,3,38,59	338.0,3,37,58	242.0,3,38,59	285.0,3,38,59	344.0,3,37,58	243.0,3,38,59	199.0,3,39,59	192.0,3,39,59	198.0,3,39,59	189.0,3,39,59	192.0,3,39,59	360.0,3,37,58	505.0,4,35,57	699.0,4,34,56	805.0,4,32,55
0.0,3,40,60	0.0,3,40,60	0.0,3,40,60	0.0,3,40,60	0.0,3,40,60	0.0,3,40,60	0.0,3,40,60	0.0,3,40,60	0.0,3,40,60	0.0,3,40,60	0.0,3,40,60	0.0,3,40,60	0.0,3,40,60	0.0,3,40,60	0.0,3,40,60	0.0,3,40,60	0.0,3,40,60	0.0,3,40,60	0.0,3,40,60	0.0,3,40,60	6.0,3,40,60	37.0,3,40,60	68.0,3,40,60	47.0,3,40,60	13.0,3,40,60	47.0,3,40,60	77.0,3,40,60	91.0,3,40,60	99.0,3,40,60	150.0,3,39,59	191.0,3,39,59	168.0,3,39,59	145.0,3,39,60	144.0,3,39,60	134.0,3,39,60	126.0,3,39,60	110.0,3,39,60	123.0,3,39,60	131.0,3,39,60	128.0,3,39,60	148.0,3,39,60	159.0,3,39,59	239.0,3,38,59	281.0,3,38,59	265.0,3,38,59	298.0,3,38,59	301.0,3,37,58	259.0,3,38,59	254.0,3,38,59	322.0,3,37,58	272.0,3,38,59	273.0,3,38,59	263.0,3,38,59	263.0,3,38,59	252.0,3,38,59	220.0,3,38,59	268.0,3,38,59	323.0,3,37,58	320.0,3,37,58	328.0,3,37,58	246.0,3,38,59	233.0,3,38,59	250.0,3,38,59	189.0,3,39,59	201.0,3,38,59	212.0,3,38,59	562.0,4,35,57	428.0,3,36,58	964.0,4,31,54	736.0,4,33,56
0.0,3,40,60	0.0,3,40,60	0.0,3,40,60	0.0,3,40,60	0.0,3,40,60	0.0,3,40,60	0.0,3,40,60	0.0,3,40,60	0.0,3,40,60	0.0,3,40,60	0.0,3,40,60	0.0,3,40,60	0.0,3,40,60	0.0,3,40,60	0.0,3,40,60	0.0,3,40,60	0.0,3,40,60	0.0,3,40,60	0.0,3,40,60	0.0,3,40,60	0.0,3,40,60	0.0,3,40,60	4.0,3,40,60	1.0,3,40,60	2.0,3,40,60	1.0,3,40,60	35.0,3,40,60	8.0,3,40,60	52.0,3,40,60	86.0,3,40,60	103.0,3,39,60	152.0,3,39,59	153.0,3,39,59	115.0,3,39,60	126.0,3,39,60	112.0,3,39,60	107.0,3,39,60	114.0,3,39,60	159.0,3,39,59	197.0,3,39,59	240.0,3,38,59	295.0,3,38,59	353.0,3,37,58	370.0,3,37,58	379.0,3,37,58	482.0,3,36,57	374.0,3,37,58	272.0,3,38,59	341.0,3,37,58	245.0,3,38,59	368.0,3,37,58	419.0,3,36,58	270.0,3,38,59	285.0,3,38,59	265.0,3,38,59	262.0,3,38,59	271.0,3,38,59	285.0,3,38,59	299.0,3,38,59	390.0,3,37,58	550.0,4,35,57	418.0,3,36,58	170.0,3,39,59	194.0,3,39,59	206.0,3,38,59	357.0,3,37,58	514.0,4,35,57	589.0,4,35,57	875.0,4,32,55	1196.0,5,29,53
0.0,3,40,60	0.0,3,40,60	0.0,3,40,60	0.0,3,40,60	0.0,3,40,60	0.0,3,40,60	0.0,3,40,60	0.0,3,40,60	0.0,3,40,60	0.0,3,40,60	0.0,3,40,60	0.0,3,40,60	0.0,3,40,60	0.0,3,40,60	0.0,3,40,60	0.0,3,40,60	0.0,3,40,60	0.0,3,40,60	0.0,3,40,60	0.0,3,40,60	0.0,3,40,60	0.0,3,40,60	0.0,3,40,60	0.0,3,40,60	0.0,3,40,60	2.0,3,40,60	1.0,3,40,60	4.0,3,40,60	7.0,3,40,60	51.0,3,40,60	141.0,3,39,60	133.0,3,39,60	134.0,3,39,60	139.0,3,39,60	125.0,3,39,60	142.0,3,39,60	183.0,3,39,59	202.0,3,38,59	226.0,3,38,59	225.0,3,38,59	262.0,3,38,59	334.0,3,37,58	315.0,3,37,58	347.0,3,37,58	399.0,3,37,58	446.0,3,36,58	433.0,3,36,58	380.0,3,37,58	316.0,3,37,58	351.0,3,37,58	428.0,3,36,58	405.0,3,36,58	240.0,3,38,59	254.0,3,38,59	261.0,3,38,59	434.0,3,36,58	305.0,3,37,58	298.0,3,38,59	418.0,3,36,58	469.0,3,36,57	317.0,3,37,58	403.0,3,36,58	190.0,3,39,59	211.0,3,38,59	227.0,3,38,59	251.0,3,38,59	486.0,3,36,57	598.0,4,35,57	1132.0,5,29,53	1109.0,5,29,53
0.0,3,40,60	0.0,3,40,60	0.0,3,40,60	0.0,3,40,60	0.0,3,40,60	0.0,3,40,60	0.0,3,40,60	0.0,3,40,60	0.0,3,40,60	0.0,3,40,60	0.0,3,40,60	0.0,3,40,60	0.0,3,40,60	0.0,3,40,60	0.0,3,40,60	0.0,3,40,60	0.0,3,40,60	0.0,3,40,60	0.0,3,40,60	0.0,3,40,60	0.0,3,40,60	0.0,3,40,60	0.0,3,40,60	3.0,3,40,60	14.0,3,40,60	25.0,3,40,60	6.0,3,40,60	22.0,3,40,60	66.0,3,40,60	51.0,3,40,60	91.0,3,40,60	163.0,3,39,59	129.0,3,39,60	128.0,3,39,60	150.0,3,39,59	148.0,3,39,60	200.0,3,38,59	234.0,3,38,59	246.0,3,38,59	302.0,3,37,58	352.0,3,37,58	420.0,3,36,58	412.0,3,36,58	371.0,3,37,58	449.0,3,36,58	426.0,3,36,58	380.0,3,37,58	430.0,3,36,58	466.0,3,36,57	584.0,4,35,57	682.0,4,34,56	302.0,3,37,58	280.0,3,38,59	280.0,3,38,59	340.0,3,37,58	533.0,4,35,57	288.0,3,38,59	263.0,3,38,59	343.0,3,37,58	557.0,4,35,57	726.0,4,33,56	245.0,3,38,59	217.0,3,38,59	250.0,3,38,59	240.0,3,38,59	329.0,3,37,58	542.0,4,35,57	855.0,4,32,55	784.0,4,33,55	418.0,3,36,58
0.0,3,40,60	0.0,3,40,60	0.0,3,40,60	0.0,3,40,60	0.0,3,40,60	0.0,3,40,60	0.0,3,40,60	0.0,3,40,60	0.0,3,40,60	0.0,3,40,60	0.0,3,40,60	0.0,3,40,60	0.0,3,40,60	0.0,3,40,60	0.0,3,40,60	0.0,3,40,60	0.0,3,40,60	0.0,3,40,60	0.0,3,40,60	0.0,3,40,60	0.0,3,40,60	0.0,3,40,60	0.0,3,40,60	0.0,3,40,60	0.0,3,40,60	6.0,3,40,60	11.0,3,40,60	35.0,3,40,60	37.0,3,40,60	60.0,3,40,60	98.0,3,40,60	95.0,3,40,60	130.0,3,39,60	139.0,3,39,60	183.0,3,39,59	191.0,3,39,59	222.0,3,38,59	226.0,3,38,59	268.0,3,38,59	339.0,3,37,58	496.0,3,36,57	551.0,4,35,57	489.0,3,36,57	498.0,3,36,57	466.0,3,36,57	561.0,4,35,57	505.0,4,35,57	532.0,4,35,57	585.0,4,35,57	691.0,4,34,56	621.0,4,34,56	500.0,4,35,57	353.0,3,37,58	264.0,3,38,59	576.0,4,35,57	957.0,4,31,54	354.0,3,37,58	271.0,3,38,59	452.0,3,36,57	589.0,4,35,57	550.0,4,35,57	179.0,3,39,59	260.0,3,38,59	268.0,3,38,59	274.0,3,38,59	298.0,3,38,59	661.0,4,34,56	1031.0,5,30,54	507.0,4,35,57	704.0,4,33,56
0.0,3,40,60	0.0,3,40,60	0.0,3,40,60	0.0,3,40,60	0.0,3,40,60	0.0,3,40,60	0.0,3,40,60	0.0,3,40,60	0.0,3,40,60	0.0,3,40,60	0.0,3,40,60	0.0,3,40,60	0.0,3,40,60	0.0,3,40,60	0.0,3,40,60	0.0,3,40,60	0.0,3,40,60	0.0,3,40,60	0.0,3,40,60	0.0,3,40,60	0.0,3,40,60	0.0,3,40,60	0.0,3,40,60	5.0,3,40,60	0.0,3,40,60	3.0,3,40,60	28.0,3,40,60	2.0,3,40,60	25.0,3,40,60	93.0,3,40,60	91.0,3,40,60	81.0,3,40,60	118.0,3,39,60	79.0,3,40,60	164.0,3,39,59	185.0,3,39,59	209.0,3,38,59	330.0,3,37,58	302.0,3,37,58	393.0,3,37,58	467.0,3,36,57	379.0,3,37,58	515.0,4,35,57	601.0,4,34,56	646.0,4,34,56	492.0,3,36,57	563.0,4,35,57	622.0,4,34,56	682.0,4,34,56	521.0,4,35,57	785.0,4,33,55	329.0,3,37,58	304.0,3,37,58	274.0,3,38,59	861.0,4,32,55	736.0,4,33,56	759.0,4,33,55	444.0,3,36,58	397.0,3,37,58	647.0,4,34,56	511.0,4,35,57	169.0,3,39,59	293.0,3,38,59	278.0,3,38,59	288.0,3,38,59	295.0,3,38,59	860.0,4,32,55	594.0,4,35,57	272.0,3,38,59	626.0,4,34,56
0.0,3,40,60	0.0,3,40,60	0.0,3,40,60	0.0,3,40,60	0.0,3,40,60	0.0,3,40,60	0.0,3,40,60	0.0,3,40,60	0.0,3,40,60	0.0,3,40,60	0.0,3,40,60	0.0,3,40,60	0.0,3,40,60	0.0,3,40,60	0.0,3,40,60	0.0,3,40,60	0.0,3,40,60	0.0,3,40,60	0.0,3,40,60	0.0,3,40,60	0.0,3,40,60	0.0,3,40,60	0.0,3,40,60	0.0,3,40,60	0.0,3,40,60	0.0,3,40,60	27.0,3,40,60	3.0,3,40,60	48.0,3,40,60	23.0,3,40,60	77.0,3,40,60	73.0,3,40,60	76.0,3,40,60	66.0,3,40,60	146.0,3,39,60	196.0,3,39,59	169.0,3,39,59	252.0,3,38,59	298.0,3,38,59	319.0,3,37,58	357.0,3,37,58	376.0,3,37,58	486.0,3,36,57	631.0,4,34,56	666.0,4,34,56	573.0,4,35,57	692.0,4,34,56	724.0,4,33,56	581.0,4,35,57	740.0,4,33,56	1047.0,5,30,54	318.0,3,37,58	298.0,3,38,59	333.0,3,37,58	666.0,4,34,56	812.0,4,32,55	572.0,4,35,57	374.0,3,37,58	554.0,4,35,57	826.0,4,32,55	300.0,3,37,58	284.0,3,38,59	259.0,3,38,59	197.0,3,39,59	220.0,3,38,59	372.0,3,37,58	896.0,4,32,55	334.0,3,37,58	279.0,3,38,59	532.0,4,35,57
0.0,3,40,60	0.0,3,40,60	0.0,3,40,60	0.0,3,40,60	0.0,3,40,60	0.0,3,40,60	0.0,3,40,60	0.0,3,40,60	0.0,3,40,60	0.0,3,40,60	0.0,3,40,60	0.0,3,40,60	0.0,3,40,60	0.0,3,40,60	0.0,3,40,60	0.0,3,40,60	0.0,3,40,60	0.0,3,40,60	0.0,3,40,60	0.0,3,40,60	0.0,3,40,60	0.0,3,40,60	0.0,3,40,60	0.0,3,40,60	6.0,3,40,60	2.0,3,40,60	37.0,3,40,60	57.0,3,40,60	15.0,3,40,60	35.0,3,40,60	27.0,3,40,60	121.0,3,39,60	38.0,3,40,60	125.0,3,39,60	101.0,3,39,60	274.0,3,38,59	232.0,3,38,59	321.0,3,37,58	344.0,3,37,58	368.0,3,37,58	299.0,3,38,59	438.0,3,36,58	542.0,4,35,57	709.0,4,33,56	781.0,4,33,55	831.0,4,32,55	774.0,4,33,55	731.0,4,33,56	899.0,4,32,55	774.0,4,33,55	979.0,4,31,54	435.0,3,36,58	434.0,3,36,58	486.0,3,36,57	478.0,3,36,57	1163.0,5,29,53	697.0,4,34,56	383.0,3,37,58	350.0,3,37,58	622.0,4,34,56	493.0,3,36,57	267.0,3,38,59	177.0,3,39,59	224.0,3,38,59	206.0,3,38,59	317.0,3,37,58	230.0,3,38,59	334.0,3,37,58	620.0,4,34,56	589.0,4,35,57
0.0,3,40,60	0.0,3,40,60	0.0,3,40,60	0.0,3,40,60	0.0,3,40,60	0.0,3,40,60	0.0,3,40,60	0.0,3,40,60	0.0,3,40,60	0.0,3,40,60	0.0,3,40,60	0.0,3,40,60	0.0,3,40,60	0.0,3,40,60	0.0,3,40,60	0.0,3,40,60	0.0,3,40,60	0.0,3,40,60	0.0,3,40,60	0.0,3,40,60	0.0,3,40,60	0.0,3,40,60	0.0,3,40,60	0.0,3,40,60	0.0,3,40,60	16.0,3,40,60	20.0,3,40,60	38.0,3,40,60	8.0,3,40,60	11.0,3,40,60	50.0,3,40,60	18.0,3,40,60	63.0,3,40,60	114.0,3,39,60	101.0,3,39,60	217.0,3,38,59	284.0,3,38,59	329.0,3,37,58	438.0,3,36,58	360.0,3,37,58	354.0,3,37,58	453.0,3,36,57	497.0,3,36,57	708.0,4,33,56	833.0,4,32,55	721.0,4,33,56	735.0,4,33,56	719.0,4,33,56	902.0,4,31,54	1333.0,5,27,52	965.0,4,31,54	510.0,4,35,57	782.0,4,33,55	727.0,4,33,56	920.0,4,31,54	1072.0,5,30,53	1137.0,5,29,53	366.0,3,37,58	344.0,3,37,58	535.0,4,35,57	722.0,4,33,56	288.0,3,38,59	192.0,3,39,59	306.0,3,37,58	231.0,3,38,59	291.0,3,38,59	308.0,3,37,58	480.0,3,36,57	539.0,4,35,57	1025.0,5,30,54
0.0,3,40,60	0.0,3,40,60	0.0,3,40,60	0.0,3,40,60	0.0,3,40,60	0.0,3,40,60	0.0,3,40,60	0.0,3,40,60	0.0,3,40,60	0.0,3,40,60	0.0,3,40,60	0.0,3,40,60	0.0,3,40,60	0.0,3,40,60	0.0,3,40,60	0.0,3,40,60	0.0,3,40,60	0.0,3,40,60	0.0,3,40,60	0.0,3,40,60	0.0,3,40,60	0.0,3,40,60	0.0,3,40,60	0.0,3,40,60	0.0,3,40,60	0.0,3,40,60	1.0,3,40,60	26.0,3,40,60	35.0,3,40,60	53.0,3,40,60	53.0,3,40,60	54.0,3,40,60	164.0,3,39,59	152.0,3,39,59	113.0,3,39,60	181.0,3,39,59	261.0,3,38,59	275.0,3,38,59	229.0,3,38,59	413.0,3,36,58	363.0,3,37,58	402.0,3,36,58	405.0,3,36,58	811.0,4,32,55	867.0,4,32,55	690.0,4,34,56	641.0,4,34,56	726.0,4,33,56	926.0,4,31,54	1478.0,5,26,51	1025.0,5,30,54	705.0,4,33,56	411.0,3,36,58	792.0,4,33,55	992.0,4,31,54	727.0,4,33,56	1001.0,5,30,54	567.0,4,35,57	369.0,3,37,58	595.0,4,35,57	301.0,3,37,58	432.0,3,36,58	354.0,3,37,58	406.0,3,36,58	442.0,3,36,58	585.0,4,35,57	429.0,3,36,58	311.0,3,37,58	537.0,4,35,57	309.0,3,37,58
0.0,3,40,60	0.0,3,40,60	0.0,3,40,60	0.0,3,40,60	0.0,3,40,60	0.0,3,40,60	0.0,3,40,60	0.0,3,40,60	0.0,3,40,60	0.0,3,40,60	0.0,3,40,60	0.0,3,40,60	0.0,3,40,60	0.0,3,40,60	0.0,3,40,60	0.0,3,40,60	0.0,3,40,60	0.0,3,40,60	0.0,3,40,60	0.0,3,40,60	0.0,3,40,60	0.0,3,40,60	0.0,3,40,60	0.0,3,40,60	0.0,3,40,60	-1.0,3,40,60	0.0,3,40,60	31.0,3,40,60	52.0,3,40,60	51.0,3,40,60	98.0,3,40,60	113.0,3,39,60	128.0,3,39,60	70.0,3,40,60	137.0,3,39,60	146.0,3,39,60	140.0,3,39,60	211.0,3,38,59	324.0,3,37,58	340.0,3,37,58	436.0,3,36,58	375.0,3,37,58	494.0,3,36,57	554.0,4,35,57	609.0,4,34,56	589.0,4,35,57	637.0,4,34,56	430.0,3,36,58	854.0,4,32,55	1013.0,5,30,54	1237.0,5,28,52	675.0,4,34,56	422.0,3,36,58	711.0,4,33,56	980.0,4,31,54	634.0,4,34,56	908.0,4,31,54	764.0,4,33,55	553.0,4,35,57	899.0,4,32,55	1231.0,5,28,52	310.0,3,37,58	298.0,3,38,59	343.0,3,37,58	402.0,3,36,58	427.0,3,36,58	429.0,3,36,58	649.0,4,34,56	1000.0,5,30,54	248.0,3,38,59
0.0,3,40,60	0.0,3,40,60	0.0,3,40,60	0.0,3,40,60	0.0,3,40,60	0.0,3,40,60	0.0,3,40,60	0.0,3,40,60	0.0,3,40,60	0.0,3,40,60	0.0,3,40,60	0.0,3,40,60	0.0,3,40,60	0.0,3,40,60	0.0,3,40,60	0.0,3,40,60	0.0,3,40,60	0.0,3,40,60	0.0,3,40,60	0.0,3,40,60	0.0,3,40,60	0.0,3,40,60	0.0,3,40,60	0.0,3,40,60	0.0,3,40,60	15.0,3,40,60	4.0,3,40,60	2.0,3,40,60	25.0,3,40,60	96.0,3,40,60	88.0,3,40,60	113.0,3,39,60	149.0,3,39,60	50.0,3,40,60	159.0,3,39,59	139.0,3,39,60	126.0,3,39,60	145.0,3,39,60	181.0,3,39,59	201.0,3,38,59	177.0,3,39,59	371.0,3,37,58	406.0,3,36,58	488.0,3,36,57	509.0,4,35,57	396.0,3,37,58	682.0,4,34,56	842.0,4,32,55	946.0,4,31,54	1013.0,5,30,54	1155.0,5,29,53	727.0,4,33,56	664.0,4,34,56	482.0,3,36,57	1011.0,5,30,54	1000.0,5,30,54	889.0,4,32,55	593.0,4,35,57	821.0,4,32,55	992.0,4,31,54	847.0,4,32,55	422.0,3,36,58	210.0,3,38,59	433.0,3,36,58	576.0,4,35,57	519.0,4,35,57	184.0,3,39,59	940.0,4,31,54	840.0,4,32,55	1032.0,5,30,54
0.0,3,40,60	0.0,3,40,60	0.0,3,40,60	0.0,3,40,60	0.0,3,40,60	0.0,3,40,60	0.0,3,40,60	0.0,3,40,60	0.0,3,40,60	0.0,3,40,60	0.0,3,40,60	0.0,3,40,60	0.0,3,40,60	0.0,3,40,60	0.0,3,40,60	0.0,3,40,60	0.0,3,40,60	0.0,3,40,60	0.0,3,40,60	0.0,3,40,60	0.0,3,40,60	0.0,3,40,60	0.0,3,40,60	0.0,3,40,60	18.0,3,40,60	22.0,3,40,60	24.0,3,40,60	0.0,3,40,60	47.0,3,40,60	53.0,3,40,60	79.0,3,40,60	66.0,3,40,60	103.0,3,39,60	111.0,3,39,60	171.0,3,39,59	73.0,3,40,60	146.0,3,39,60	195.0,3,39,59	200.0,3,38,59	224.0,3,38,59	155.0,3,39,59	110.0,3,39,60	514.0,4,35,57	380.0,3,37,58	368.0,3,37,58	596.0,4,35,57	759.0,4,33,55	940.0,4,31,54	1536.0,5,25,50	1049.0,5,30,54	967.0,4,31,54	949.0,4,31,54	976.0,4,31,54	620.0,4,34,56	975.0,4,31,54	900.0,4,31,54	603.0,4,34,56	842.0,4,32,55	855.0,4,32,55	1057.0,5,30,53	694.0,4,34,56	390.0,3,37,58	196.0,3,39,59	264.0,3,38,59	471.0,3,36,57	292.0,3,38,59	1062.0,5,30,53	363.0,3,37,58	706.0,4,33,56	2162.0,5,19,46
0.0,3,40,60	0.0,3,40,60	0.0,3,40,60	0.0,3,40,60	0.0,3,40,60	0.0,3,40,60	0.0,3,40,60	0.0,3,40,60	0.0,3,40,60	0.0,3,40,60	0.0,3,40,60	0.0,3,40,60	0.0,3,40,60	0.0,3,40,60	0.0,3,40,60	0.0,3,40,60	0.0,3,40,60	0.0,3,40,60	0.0,3,40,60	0.0,3,40,60	0.0,3,40,60	0.0,3,40,60	0.0,3,40,60	0.0,3,40,60	24.0,3,40,60	25.0,3,40,60	39.0,3,40,60	16.0,3,40,60	9.0,3,40,60	52.0,3,40,60	47.0,3,40,60	56.0,3,40,60	81.0,3,40,60	49.0,3,40,60	123.0,3,39,60	196.0,3,39,59	196.0,3,39,59	233.0,3,38,59	183.0,3,39,59	177.0,3,39,59	233.0,3,38,59	333.0,3,37,58	182.0,3,39,59	301.0,3,37,58	462.0,3,36,57	627.0,4,34,56	665.0,4,34,56	779.0,4,33,55	1383.0,5,27,51	1493.0,5,26,51	985.0,4,31,54	972.0,4,31,54	1075.0,5,30,53	976.0,4,31,54	848.0,4,32,55	875.0,4,32,55	679.0,4,34,56	1007.0,5,30,54	1022.0,5,30,54	1117.0,5,29,53	846.0,4,32,55	378.0,3,37,58	145.0,3,39,60	165.0,3,39,59	210.0,3,38,59	470.0,3,36,57	1252.0,5,28,52	307.0,3,37,58	565.0,4,35,57	1496.0,5,26,51
0.0,3,40,60	0.0,3,40,60	0.0,3,40,60	0.0,3,40,60	0.0,3,40,60	0.0,3,40,60	0.0,3,40,60	0.0,3,40,60	0.0,3,40,60	0.0,3,40,60	0.0,3,40,60	0.0,3,40,60	0.0,3,40,60	0.0,3,40,60	0.0,3,40,60	0.0,3,40,60	0.0,3,40,60	0.0,3,40,60	0.0,3,40,60	0.0,3,40,60	0.0,3,40,60	0.0,3,40,60	0.0,3,40,60	0.0,3,40,60	19.0,3,40,60	33.0,3,40,60	48.0,3,40,60	32.0,3,40,60	3.0,3,40,60	1.0,3,40,60	20.0,3,40,60	73.0,3,40,60	65.0,3,40,60	87.0,3,40,60	102.0,3,39,60	175.0,3,39,59	184.0,3,39,59	136.0,3,39,60	191.0,3,39,59	280.0,3,38,59	280.0,3,38,59	241.0,3,38,59	118.0,3,39,60	144.0,3,39,60	544.0,4,35,57	674.0,4,34,56	571.0,4,35,57	733.0,4,33,56	817.0,4,32,55	785.0,4,33,55	956.0,4,31,54	890.0,4,32,55	930.0,4,31,54	1178.0,5,29,53	1018.0,5,30,54	1344.0,5,27,52	862.0,4,32,55	1199.0,5,29,53	937.0,4,31,54	596.0,4,35,57	783.0,4,33,55	531.0,4,35,57	108.0,3,39,60	227.0,3,38,59	858.0,4,32,55	1442.0,5,26,51	1753.0,5,23,49	585.0,4,35,57	1271.0,5,28,52	1357.0,5,27,51
0.0,3,40,60	0.0,3,40,60	0.0,3,40,60	0.0,3,40,60	0.0,3,40,60	0.0,3,40,60	0.0,3,40,60	0.0,3,40,60	0.0,3,40,60	0.0,3,40,60	0.0,3,40,60	0.0,3,40,60	0.0,3,40,60	0.0,3,40,60	0.0,3,40,60	0.0,3,40,60	0.0,3,40,60	0.0,3,40,60	0.0,3,40,60	0.0,3,40,60	0.0,3,40,60	0.0,3,40,60	0.0,3,40,60	0.0,3,40,60	35.0,3,40,60	37.0,3,40,60	46.0,3,40,60	48.0,3,40,60	1.0,3,40,60	64.0,3,40,60	70.0,3,40,60	8.0,3,40,60	69.0,3,40,60	30.0,3,40,60	37.0,3,40,60	97.0,3,40,60	132.0,3,39,60	221.0,3,38,59	192.0,3,39,59	69.0,3,40,60	176.0,3,39,59	215.0,3,38,59	377.0,3,37,58	440.0,3,36,58	596.0,4,35,57	584.0,4,35,57	685.0,4,34,56	764.0,4,33,55	803.0,4,32,55	888.0,4,32,55	994.0,4,31,54	1001.0,5,30,54	1019.0,5,30,54	1219.0,5,28,52	1149.0,5,29,53	898.0,4,32,55	1100.0,5,29,53	1163.0,5,29,53	1406.0,5,26,51	821.0,4,32,55	257.0,3,38,59	158.0,3,39,59	124.0,3,39,60	362.0,3,37,58	795.0,4,33,55	1142.0,5,29,53	1365.0,5,27,51	660.0,4,34,56	1010.0,5,30,54	1751.0,5,23,49
0.0,3,40,60	0.0,3,40,60	0.0,3,40,60	0.0,3,40,60	0.0,3,40,60	0.0,3,40,60	0.0,3,40,60	0.0,3,40,60	0.0,3,40,60	0.0,3,40,60	0.0,3,40,60	0.0,3,40,60	0.0,3,40,60	0.0,3,40,60	0.0,3,40,60	0.0,3,40,60	0.0,3,40,60	0.0,3,40,60	0.0,3,40,60	0.0,3,40,60	0.0,3,40,60	0.0,3,40,60	0.0,3,40,60	0.0,3,40,60	0.0,3,40,60	21.0,3,40,60	55.0,3,40,60	58.0,3,40,60	35.0,3,40,60	85.0,3,40,60	62.0,3,40,60	85.0,3,40,60	110.0,3,39,60	112.0,3,39,60	120.0,3,39,60	112.0,3,39,60	123.0,3,39,60	209.0,3,38,59	240.0,3,38,59	272.0,3,38,59	233.0,3,38,59	438.0,3,36,58	327.0,3,37,58	360.0,3,37,58	501.0,4,35,57	345.0,3,37,58	525.0,4,35,57	739.0,4,33,56	715.0,4,33,56	955.0,4,31,54	1201.0,5,28,52	1169.0,5,29,53	1039.0,5,30,54	1171.0,5,29,53	1311.0,5,27,52	1092.0,5,30,53	1152.0,5,29,53	1320.0,5,27,52	804.0,4,32,55	615.0,4,34,56	381.0,3,37,58	148.0,3,39,60	381.0,3,37,58	288.0,3,38,59	508.0,4,35,57	1022.0,5,30,54	915.0,4,31,54	1201.0,5,28,52	1716.0,5,23,49	1182.0,5,29,53
0.0,3,40,60	0.0,3,40,60	0.0,3,40,60	0.0,3,40,60	0.0,3,40,60	0.0,3,40,60	0.0,3,40,60	0.0,3,40,60	0.0,3,40,60	0.0,3,40,60	0.0,3,40,60	0.0,3,40,60	0.0,3,40,60	0.0,3,40,60	0.0,3,40,60	0.0,3,40,60	0.0,3,40,60	0.0,3,40,60	0.0,3,40,60	0.0,3,40,60	0.0,3,40,60	0.0,3,40,60	0.0,3,40,60	0.0,3,40,60	46.0,3,40,60	18.0,3,40,60	53.0,3,40,60	81.0,3,40,60	66.0,3,40,60	31.0,3,40,60	74.0,3,40,60	50.0,3,40,60	95.0,3,40,60	102.0,3,39,60	79.0,3,40,60	96.0,3,40,60	134.0,3,39,60	186.0,3,39,59	254.0,3,38,59	255.0,3,38,59	303.0,3,37,58	366.0,3,37,58	309.0,3,37,58	185.0,3,39,59	288.0,3,38,59	381.0,3,37,58	485.0,3,36,57	514.0,4,35,57	675.0,4,34,56	664.0,4,34,56	1228.0,5,28,52	1258.0,5,28,52	949.0,4,31,54	1171.0,5,29,53	1337.0,5,27,52	1367.0,5,27,51	1105.0,5,29,53	757.0,4,33,55	641.0,4,34,56	175.0,3,39,59	367.0,3,37,58	76.0,3,40,60	154.0,3,39,59	505.0,4,35,57	690.0,4,34,56	1357.0,5,27,51	979.0,4,31,54	1039.0,5,30,54	1001.0,5,30,54	1122.0,5,29,53
0.0,3,40,60	0.0,3,40,60	0.0,3,40,60	0.0,3,40,60	0.0,3,40,60	0.0,3,40,60	0.0,3,40,60	0.0,3,40,60	0.0,3,40,60	0.0,3,40,60	0.0,3,40,60	0.0,3,40,60	0.0,3,40,60	0.0,3,40,60	0.0,3,40,60	0.0,3,40,60	0.0,3,40,60	0.0,3,40,60	0.0,3,40,60	0.0,3,40,60	0.0,3,40,60	0.0,3,40,60	0.0,3,40,60	0.0,3,40,60	20.0,3,40,60	42.0,3,40,60	40.0,3,40,60	84.0,3,40,60	70.0,3,40,60	32.0,3,40,60	116.0,3,39,60	124.0,3,39,60	21.0,3,40,60	43.0,3,40,60	95.0,3,40,60	126.0,3,39,60	111.0,3,39,60	109.0,3,39,60	119.0,3,39,60	224.0,3,38,59	113.0,3,39,60	266.0,3,38,59	345.0,3,37,58	222.0,3,38,59	333.0,3,37,58	477.0,3,36,57	441.0,3,36,58	363.0,3,37,58	567.0,4,35,57	635.0,4,34,56	529.0,4,35,57	760.0,4,33,55	681.0,4,34,56	679.0,4,34,56	1284.0,5,28,52	1152.0,5,29,53	859.0,4,32,55	639.0,4,34,56	154.0,3,39,59	320.0,3,37,58	278.0,3,38,59	193.0,3,39,59	421.0,3,36,58	482.0,3,36,57	1105.0,5,29,53	839.0,4,32,55	963.0,4,31,54	1347.0,5,27,52	1151.0,5,29,53	853.0,4,32,55
0.0,3,40,60	0.0,3,40,60	0.0,3,40,60	0.0,3,40,60	0.0,3,40,60	0.0,3,40,60	0.0,3,40,60	0.0,3,40,60	0.0,3,40,60	0.0,3,40,60	0.0,3,40,60	0.0,3,40,60	0.0,3,40,60	0.0,3,40,60	0.0,3,40,60	0.0,3,40,60	0.0,3,40,60	0.0,3,40,60	0.0,3,40,60	0.0,3,40,60	0.0,3,40,60	0.0,3,40,60	0.0,3,40,60	0.0,3,40,60	18.0,3,40,60	50.0,3,40,60	64.0,3,40,60	63.0,3,40,60	79.0,3,40,60	95.0,3,40,60	79.0,3,40,60	135.0,3,39,60	51.0,3,40,60	30.0,3,40,60	35.0,3,40,60	80.0,3,40,60	197.0,3,39,59	118.0,3,39,60	213.0,3,38,59	194.0,3,39,59	245.0,3,38,59	240.0,3,38,59	286.0,3,38,59	375.0,3,37,58	316.0,3,37,58	409.0,3,36,58	582.0,4,35,57	580.0,4,35,57	594.0,4,35,57	753.0,4,33,55	725.0,4,33,56	927.0,4,31,54	926.0,4,31,54	945.0,4,31,54	914.0,4,31,54	1123.0,5,29,53	1084.0,5,30,53	493.0,3,36,57	141.0,3,39,60	273.0,3,38,59	326.0,3,37,58	58.0,3,40,60	146.0,3,39,60	387.0,3,37,58	533.0,4,35,57	1035.0,5,30,54	675.0,4,34,56	1158.0,5,29,53	868.0,4,32,55	1087.0,5,30,53
0.0,3,40,60	0.0,3,40,60	0.0,3,40,60	0.0,3,40,60	0.0,3,40,60	0.0,3,40,60	0.0,3,40,60	0.0,3,40,60	0.0,3,40,60	0.0,3,40,60	0.0,3,40,60	0.0,3,40,60	0.0,3,40,60	0.0,3,40,60	0.0,3,40,60	0.0,3,40,60	0.0,3,40,60	0.0,3,40,60	0.0,3,40,60	0.0,3,40,60	0.0,3,40,60	0.0,3,40,60	0.0,3,40,60	0.0,3,40,60	28.0,3,40,60	66.0,3,40,60	71.0,3,40,60	80.0,3,40,60	94.0,3,40,60	116.0,3,39,60	118.0,3,39,60	119.0,3,39,60	95.0,3,40,60	140.0,3,39,60	56.0,3,40,60	62.0,3,40,60	173.0,3,39,59	199.0,3,39,59	165.0,3,39,59	121.0,3,39,60	186.0,3,39,59	262.0,3,38,59	331.0,3,37,58	317.0,3,37,58	398.0,3,37,58	563.0,4,35,57	469.0,3,36,57	620.0,4,34,56	815.0,4,32,55	933.0,4,31,54	931.0,4,31,54	724.0,4,33,56	979.0,4,31,54	1019.0,5,30,54	860.0,4,32,55	1083.0,5,30,53	504.0,4,35,57	251.0,3,38,59	157.0,3,39,59	311.0,3,37,58	206.0,3,38,59	43.0,3,40,60	110.0,3,39,60	186.0,3,39,59	484.0,3,36,57	775.0,4,33,55	1180.0,5,29,53	776.0,4,33,55	510.0,4,35,57	756.0,4,33,55
0.0,3,40,60	0.0,3,40,60	0.0,3,40,60	0.0,3,40,60	0.0,3,40,60	0.0,3,40,60	0.0,3,40,60	0.0,3,40,60	0.0,3,40,60	0.0,3,40,60	0.0,3,40,60	0.0,3,40,60	0.0,3,40,60	0.0,3,40,60	0.0,3,40,60	0.0,3,40,60	0.0,3,40,60	0.0,3,40,60	0.0,3,40,60	0.0,3,40,60	0.0,3,40,60	0.0,3,40,60	0.0,3,40,60	0.0,3,40,60	53.0,3,40,60	70.0,3,40,60	88.0,3,40,60	99.0,3,40,60	109.0,3,39,60	114.0,3,39,60	118.0,3,39,60	150.0,3,39,59	132.0,3,39,60	118.0,3,39,60	106.0,3,39,60	163.0,3,39,59	48.0,3,40,60	171.0,3,39,59	158.0,3,39,59	88.0,3,40,60	174.0,3,39,59	126.0,3,39,60	311.0,3,37,58	136.0,3,39,60	235.0,3,38,59	361.0,3,37,58	447.0,3,36,58	622.0,4,34,56	832.0,4,32,55	950.0,4,31,54	586.0,4,35,57	837.0,4,32,55	873.0,4,32,55	1048.0,5,30,54	1092.0,5,30,53	510.0,4,35,57	484.0,3,36,57	140.0,3,39,60	204.0,3,38,59	234.0,3,38,59	235.0,3,38,59	30.0,3,40,60	55.0,3,40,60	186.0,3,39,59	454.0,3,36,57	1050.0,5,30,53	1136.0,5,29,53	1331.0,5,27,52	1107.0,5,29,53	491.0,3,36,57
0.0,3,40,60	0.0,3,40,60	0.0,3,40,60	0.0,3,40,60	0.0,3,40,60	0.0,3,40,60	0.0,3,40,60	0.0,3,40,60	0.0,3,40,60	0.0,3,40,60	0.0,3,40,60	0.0,3,40,60	0.0,3,40,60	0.0,3,40,60	0.0,3,40,60	0.0,3,40,60	0.0,3,40,60	0.0,3,40,60	0.0,3,40,60	0.0,3,40,60	0.0,3,40,60	0.0,3,40,60	0.0,3,40,60	19.0,3,40,60	44.0,3,40,60	79.0,3,40,60	62.0,3,40,60	89.0,3,40,60	75.0,3,40,60	65.0,3,40,60	126.0,3,39,60	147.0,3,39,60	146.0,3,39,60	128.0,3,39,60	129.0,3,39,60	133.0,3,39,60	90.0,3,40,60	164.0,3,39,59	80.0,3,40,60	94.0,3,40,60	104.0,3,39,60	198.0,3,39,59	414.0,3,36,58	219.0,3,38,59	287.0,3,38,59	283.0,3,38,59	442.0,3,36,58	469.0,3,36,57	446.0,3,36,58	598.0,4,35,57	492.0,3,36,57	806.0,4,32,55	665.0,4,34,56	1320.0,5,27,52	784.0,4,33,55	560.0,4,35,57	329.0,3,37,58	104.0,3,39,60	170.0,3,39,59	109.0,3,39,60	231.0,3,38,59	120.0,3,39,60	29.0,3,40,60	76.0,3,40,60	355.0,3,37,58	803.0,4,32,55	855.0,4,32,55	657.0,4,34,56	716.0,4,33,56	713.0,4,33,56
0.0,3,40,60	0.0,3,40,60	0.0,3,40,60	0.0,3,40,60	0.0,3,40,60	0.0,3,40,60	0.0,3,40,60	0.0,3,40,60	0.0,3,40,60	0.0,3,40,60	0.0,3,40,60	0.0,3,40,60	0.0,3,40,60	0.0,3,40,60	0.0,3,40,60	0.0,3,40,60	0.0,3,40,60	0.0,3,40,60	0.0,3,40,60	0.0,3,40,60	0.0,3,40,60	0.0,3,40,60	0.0,3,40,60	41.0,3,40,60	55.0,3,40,60	92.0,3,40,60	59.0,3,40,60	59.0,3,40,60	53.0,3,40,60	69.0,3,40,60	92.0,3,40,60	104.0,3,39,60	166.0,3,39,59	154.0,3,39,59	122.0,3,39,60	0.0,3,40,60	156.0,3,39,59	234.0,3,38,59	95.0,3,40,60	91.0,3,40,60	100.0,3,39,60	147.0,3,39,60	174.0,3,39,59	189.0,3,39,59	141.0,3,39,60	202.0,3,38,59	338.0,3,37,58	427.0,3,36,58	593.0,4,35,57	375.0,3,37,58	604.0,4,34,56	792.0,4,33,55	794.0,4,33,55	583.0,4,35,57	690.0,4,34,56	169.0,3,39,59	247.0,3,38,59	90.0,3,40,60	89.0,3,40,60	171.0,3,39,59	22.0,3,40,60	16.0,3,40,60	32.0,3,40,60	60.0,3,40,60	287.0,3,38,59	331.0,3,37,58	491.0,3,36,57	621.0,4,34,56	503.0,4,35,57	607.0,4,34,56
0.0,3,40,60	0.0,3,40,60	0.0,3,40,60	0.0,3,40,60	0.0,3,40,60	0.0,3,40,60	0.0,3,40,60	0.0,3,40,60	0.0,3,40,60	0.0,3,40,60	0.0,3,40,60	0.0,3,40,60	0.0,3,40,60	0.0,3,40,60	0.0,3,40,60	0.0,3,40,60	0.0,3,40,60	0.0,3,40,60	0.0,3,40,60	0.0,3,40,60	0.0,3,40,60	0.0,3,40,60	0.0,3,40,60	27.0,3,40,60	56.0,3,40,60	67.0,3,40,60	15.0,3,40,60	56.0,3,40,60	76.0,3,40,60	86.0,3,40,60	107.0,3,39,60	95.0,3,40,60	186.0,3,39,59	119.0,3,39,60	143.0,3,39,60	169.0,3,39,59	188.0,3,39,59	114.0,3,39,60	207.0,3,38,59	124.0,3,39,60	205.0,3,38,59	119.0,3,39,60	106.0,3,39,60	258.0,3,38,59	215.0,3,38,59	276.0,3,38,59	409.0,3,36,58	562.0,4,35,57	585.0,4,35,57	805.0,4,32,55	507.0,4,35,57	573.0,4,35,57	570.0,4,35,57	606.0,4,34,56	369.0,3,37,58	175.0,3,39,59	98.0,3,40,60	40.0,3,40,60	136.0,3,39,60	42.0,3,40,60	61.0,3,40,60	8.0,3,40,60	46.0,3,40,60	76.0,3,40,60	643.0,4,34,56	551.0,4,35,57	517.0,4,35,57	462.0,3,36,57	337.0,3,37,58	564.0,4,35,57
0.0,3,40,60	0.0,3,40,60	0.0,3,40,60	0.0,3,40,60	0.0,3,40,60	0.0,3,40,60	0.0,3,40,60	0.0,3,40,60	0.0,3,40,60	0.0,3,40,60	0.0,3,40,60	0.0,3,40,60	0.0,3,40,60	0.0,3,40,60	0.0,3,40,60	0.0,3,40,60	0.0,3,40,60	0.0,3,40,60	0.0,3,40,60	0.0,3,40,60	0.0,3,40,60	0.0,3,40,60	0.0,3,40,60	31.0,3,40,60	27.0,3,40,60	33.0,3,40,60	30.0,3,40,60	96.0,3,40,60	104.0,3,39,60	139.0,3,39,60	86.0,3,40,60	151.0,3,39,59	156.0,3,39,59	148.0,3,39,60	229.0,3,38,59	150.0,3,39,59	199.0,3,39,59	135.0,3,39,60	197.0,3,39,59	136.0,3,39,60	120.0,3,39,60	193.0,3,39,59	220.0,3,38,59	156.0,3,39,59	234.0,3,38,59	213.0,3,38,59	451.0,3,36,57	699.0,4,34,56	1063.0,5,30,53	904.0,4,31,54	667.0,4,34,56	662.0,4,34,56	239.0,3,38,59	261.0,3,38,59	192.0,3,39,59	166.0,3,39,59	88.0,3,40,60	32.0,3,40,60	5.0,3,40,60	25.0,3,40,60	2.0,3,40,60	40.0,3,40,60	19.0,3,40,60	87.0,3,40,60	216.0,3,38,59	307.0,3,37,58	226.0,3,38,59	396.0,3,37,58	378.0,3,37,58	527.0,4,35,57
0.0,3,40,60	0.0,3,40,60	0.0,3,40,60	0.0,3,40,60	0.0,3,40,60	0.0,3,40,60	0.0,3,40,60	0.0,3,40,60	0.0,3,40,60	0.0,3,40,60	0.0,3,40,60	0.0,3,40,60	0.0,3,40,60	0.0,3,40,60	0.0,3,40,60	0.0,3,40,60	0.0,3,40,60	0.0,3,40,60	0.0,3,40,60	0.0,3,40,60	0.0,3,40,60	0.0,3,40,60	6.0,3,40,60	22.0,3,40,60	39.0,3,40,60	79.0,3,40,60	85.0,3,40,60	99.0,3,40,60	72.0,3,40,60	112.0,3,39,60	134.0,3,39,60	187.0,3,39,59	138.0,3,39,60	232.0,3,38,59	167.0,3,39,59	185.0,3,39,59	266.0,3,38,59	222.0,3,38,59	181.0,3,39,59	201.0,3,38,59	163.0,3,39,59	180.0,3,39,59	238.0,3,38,59	245.0,3,38,59	322.0,3,37,58	239.0,3,38,59	219.0,3,38,59	808.0,4,32,55	849.0,4,32,55	1050.0,5,30,53	158.0,3,39,59	526.0,4,35,57	181.0,3,39,59	69.0,3,40,60	276.0,3,38,59	40.0,3,40,60	20.0,3,40,60	5.0,3,40,60	0.0,3,40,60	0.0,3,40,60	3.0,3,40,60	0.0,3,40,60	24.0,3,40,60	90.0,3,40,60	193.0,3,39,59	280.0,3,38,59	443.0,3,36,58	531.0,4,35,57	491.0,3,36,57	321.0,3,37,58
34.0,3,40,60	0.0,3,40,60	0.0,3,40,60	0.0,3,40,60	0.0,3,40,60	0.0,3,40,60	0.0,3,40,60	23.0,3,40,60	22.0,3,40,60	41.0,3,40,60	0.0,3,40,60	0.0,3,40,60	0.0,3,40,60	0.0,3,40,60	0.0,3,40,60	0.0,3,40,60	0.0,3,40,60	0.0,3,40,60	0.0,3,40,60	0.0,3,40,60	0.0,3,40,60	0.0,3,40,60	0.0,3,40,60	43.0,3,40,60	61.0,3,40,60	26.0,3,40,60	116.0,3,39,60	74.0,3,40,60	165.0,3,39,59	208.0,3,38,59	277.0,3,38,59	272.0,3,38,59	187.0,3,39,59	241.0,3,38,59	212.0,3,38,59	193.0,3,39,59	197.0,3,39,59	182.0,3,39,59	293.0,3,38,59	202.0,3,38,59	171.0,3,39,59	228.0,3,38,59	209.0,3,38,59	286.0,3,38,59	225.0,3,38,59	758.0,4,33,55	704.0,4,33,56	561.0,4,35,57	789.0,4,33,55	725.0,4,33,56	180.0,3,39,59	103.0,3,39,60	75.0,3,40,60	40.0,3,40,60	31.0,3,40,60	2.0,3,40,60	0.0,3,40,60	0.0,3,40,60	0.0,3,40,60	1.0,3,40,60	-1.0,3,40,60	0.0,3,40,60	15.0,3,40,60	113.0,3,39,60	0.0,3,40,60	180.0,3,39,59	320.0,3,37,58	234.0,3,38,59	311.0,3,37,58	335.0,3,37,58
224.0,3,38,59	644.0,4,34,56	389.0,3,37,58	304.0,3,37,58	147.0,3,39,60	322.0,3,37,58	38.0,3,40,60	158.0,3,39,59	141.0,3,39,60	466.0,3,36,57	29.0,3,40,60	168.0,3,39,59	111.0,3,39,60	214.0,3,38,59	186.0,3,39,59	264.0,3,38,59	0.0,3,40,60	0.0,3,40,60	0.0,3,40,60	0.0,3,40,60	17.0,3,40,60	26.0,3,40,60	106.0,3,39,60	610.0,4,34,56	242.0,3,38,59	87.0,3,40,60	136.0,3,39,60	194.0,3,39,59	164.0,3,39,59	207.0,3,38,59	316.0,3,37,58	357.0,3,37,58	240.0,3,38,59	278.0,3,38,59	279.0,3,38,59	311.0,3,37,58	296.0,3,38,59	321.0,3,37,58	263.0,3,38,59	217.0,3,38,59	287.0,3,38,59	267.0,3,38,59	212.0,3,38,59	186.0,3,39,59	172.0,3,39,59	365.0,3,37,58	417.0,3,36,58	420.0,3,36,58	280.0,3,38,59	109.0,3,39,60	93.0,3,40,60	43.0,3,40,60	46.0,3,40,60	5.0,3,40,60	0.0,3,40,60	0.0,3,40,60	0.0,3,40,60	0.0,3,40,60	0.0,3,40,60	0.0,3,40,60	0.0,3,40,60	0.0,3,40,60	0.0,3,40,60	36.0,3,40,60	108.0,3,39,60	47.0,3,40,60	519.0,4,35,57	652.0,4,34,56	801.0,4,32,55	404.0,3,36,58
1693.0,5,24,49	1487.0,5,26,51	1486.0,5,26,51	792.0,4,33,55	706.0,4,33,56	358.0,3,37,58	315.0,3,37,58	554.0,4,35,57	883.0,4,32,55	1052.0,5,30,53	563.0,4,35,57	469.0,3,36,57	201.0,3,38,59	229.0,3,38,59	160.0,3,39,59	772.0,4,33,55	474.0,3,36,57	376.0,3,37,58	214.0,3,38,59	186.0,3,39,59	553.0,4,35,57	188.0,3,39,59	415.0,3,36,58	545.0,4,35,57	256.0,3,38,59	336.0,3,37,58	152.0,3,39,59	213.0,3,38,59	294.0,3,38,59	274.0,3,38,59	306.0,3,37,58	430.0,3,36,58	323.0,3,37,58	344.0,3,37,58	369.0,3,37,58	423.0,3,36,58	360.0,3,37,58	418.0,3,36,58	265.0,3,38,59	293.0,3,38,59	228.0,3,38,59	299.0,3,38,59	249.0,3,38,59	328.0,3,37,58	258.0,3,38,59	133.0,3,39,60	101.0,3,39,60	117.0,3,39,60	49.0,3,40,60	29.0,3,40,60	12.0,3,40,60	33.0,3,40,60	0.0,3,40,60	0.0,3,40,60	0.0,3,40,60	0.0,3,40,60	0.0,3,40,60	0.0,3,40,60	0.0,3,40,60	0.0,3,40,60	0.0,3,40,60	0.0,3,40,60	0.0,3,40,60	0.0,3,40,60	0.0,3,40,60	108.0,3,39,60	208.0,3,38,59	423.0,3,36,58	380.0,3,37,58	156.0,3,39,59
1373.0,5,27,51	1750.0,5,23,49	1237.0,5,28,52	784.0,4,33,55	1332.0,5,27,52	697.0,4,34,56	541.0,4,35,57	616.0,4,34,56	1258.0,5,28,52	1222.0,5,28,52	800.0,4,32,55	354.0,3,37,58	266.0,3,38,59	286.0,3,38,59	186.0,3,39,59	324.0,3,37,58	381.0,3,37,58	822.0,4,32,55	533.0,4,35,57	485.0,3,36,57	751.0,4,33,55	312.0,3,37,58	433.0,3,36,58	1070.0,5,30,53	468.0,3,36,57	1112.0,5,29,53	248.0,3,38,59	481.0,3,36,57	413.0,3,36,58	459.0,3,36,57	424.0,3,36,58	485.0,3,36,57	485.0,3,36,57	321.0,3,37,58	610.0,4,34,56	448.0,3,36,58	401.0,3,36,58	306.0,3,37,58	387.0,3,37,58	493.0,3,36,57	335.0,3,37,58	330.0,3,37,58	309.0,3,37,58	397.0,3,37,58	328.0,3,37,58	177.0,3,39,59	217.0,3,38,59	373.0,3,37,58	89.0,3,40,60	63.0,3,40,60	23.0,3,40,60	0.0,3,40,60	0.0,3,40,60	0.0,3,40,60	0.0,3,40,60	0.0,3,40,60	0.0,3,40,60	0.0,3,40,60	0.0,3,40,60	0.0,3,40,60	0.0,3,40,60	0.0,3,40,60	0.0,3,40,60	0.0,3,40,60	0.0,3,40,60	0.0,3,40,60	0.0,3,40,60	0.0,3,40,60	32.0,3,40,60	24.0,3,40,60
1180.0,5,29,53	1481.0,5,26,51	1564.0,5,25,50	1363.0,5,27,51	1816.0,5,22,48	890.0,4,32,55	844.0,4,32,55	834.0,4,32,55	909.0,4,31,54	671.0,4,34,56	675.0,4,34,56	679.0,4,34,56	1050.0,5,30,53	505.0,4,35,57	1011.0,5,30,54	829.0,4,32,55	574.0,4,35,57	432.0,3,36,58	451.0,3,36,57	588.0,4,35,57	643.0,4,34,56	554.0,4,35,57	1018.0,5,30,54	909.0,4,31,54	1046.0,5,30,54	1260.0,5,28,52	603.0,4,34,56	838.0,4,32,55	756.0,4,33,55	1232.0,5,28,52	1276.0,5,28,52	730.0,4,33,56	1529.0,5,25,50	915.0,4,31,54	1259.0,5,28,52	508.0,4,35,57	707.0,4,33,56	454.0,3,36,57	448.0,3,36,58	483.0,3,36,57	470.0,3,36,57	546.0,4,35,57	574.0,4,35,57	504.0,4,35,57	536.0,4,35,57	440.0,3,36,58	658.0,4,34,56	318.0,3,37,58	432.0,3,36,58	156.0,3,39,59	47.0,3,40,60	0.0,3,40,60	0.0,3,40,60	0.0,3,40,60	0.0,3,40,60	0.0,3,40,60	0.0,3,40,60	0.0,3,40,60	0.0,3,40,60	0.0,3,40,60	0.0,3,40,60	0.0,3,40,60	0.0,3,40,60	0.0,3,40,60	0.0,3,40,60	0.0,3,40,60	0.0,3,40,60	0.0,3,40,60	0.0,3,40,60	0.0,3,40,60
-data:
