radius:15.0
size:60^60
path:kathmandu_60x60.txt
+data:
953.0,4,31,54	960.0,4,31,54	717.0,4,33,56	625.0,4,34,56	529.0,4,35,57	571.0,4,35,57	635.0,4,34,56	719.0,4,33,56	637.0,4,34,56	552.0,4,35,57	521.0,4,35,57	525.0,4,35,57	539.0,4,35,57	540.0,4,35,57	543.0,4,35,57	561.0,4,35,57	583.0,4,35,57	621.0,4,34,56	680.0,4,34,56	642.0,4,34,56	756.0,4,33,55	923.0,4,31,54	840.0,4,32,55	1227.0,5,28,52	1094.0,5,30,53	1214.0,5,28,52	1106.0,5,29,53	984.0,4,31,54	1518.0,5,25,50	1628.0,5,24,50	1522.0,5,25,50	1309.0,5,27,52	1347.0,5,27,52	1782.0,5,23,49	1629.0,5,24,50	1442.0,5,26,51	1531.0,5,25,50	1354.0,5,27,51	1433.0,5,26,51	1744.0,5,23,49	1825.0,5,22,48	1691.0,5,24,49	1708.0,5,23,49	1744.0,5,23,49	1887.0,5,22,48	2020.0,5,20,47	1936.0,5,21,48	1777.0,5,23,49	2085.0,5,20,47	1880.0,5,22,48	1460.0,5,26,51	1234.0,5,28,52	1135.0,5,29,53	1131.0,5,29,53	1441.0,5,26,51	1662.0,5,24,49	1805.0,5,22,48	2031.0,5,20,47	1943.0,5,21,48	1503.0,5,25,50
852.0,4,32,55	904.0,4,31,54	991.0,4,31,54	972.0,4,31,54	559.0,4,35,57	571.0,4,35,57	591.0,4,35,57	514.0,4,35,57	512.0,4,35,57	553.0,4,35,57	611.0,4,34,56	623.0,4,34,56	801.0,4,32,55	722.0,4,33,56	724.0,4,33,56	778.0,4,33,55	556.0,4,35,57	561.0,4,35,57	685.0,4,34,56	888.0,4,32,55	1263.0,5,28,52	1104.0,5,29,53	1151.0,5,29,53	1356.0,5,27,51	1389.0,5,27,51	1488.0,5,26,51	1329.0,5,27,52	1324.0,5,27,52	1430.0,5,26,51	1853.0,5,22,48	1742.0,5,23,49	1546.0,5,25,50	1724.0,5,23,49	1929.0,5,21,48	1820.0,5,22,48	1596.0,5,25,50	1710.0,5,23,49	1700.0,5,23,49	1618.0,5,24,50	1850.0,5,22,48	2162.0,5,19,46	2049.0,5,20,47	1913.0,5,21,48	2089.0,5,20,47	2036.0,5,20,47	1928.0,5,21,48	1723.0,5,23,49	1503.0,5,25,50	1470.0,5,26,51	1534.0,5,25,50	1488.0,5,26,51	1438.0,5,26,51	1010.0,5,30,54	1213.0,5,28,52	1447.0,5,26,51	1676.0,5,24,49	1921.0,5,21,48	1726.0,5,23,49	1519.0,5,25,50	1569.0,5,25,50
735.0,4,33,56	642.0,4,34,56	747.0,4,33,56	592.0,4,35,57	504.0,4,35,57	548.0,4,35,57	595.0,4,35,57	506.0,4,35,57	677.0,4,34,56	515.0,4,35,57	578.0,4,35,57	606.0,4,34,56	663.0,4,34,56	883.0,4,32,55	1086.0,5,30,53	798.0,4,33,55	616.0,4,34,56	581.0,4,35,57	576.0,4,35,57	655.0,4,34,56	751.0,4,33,55	1021.0,5,30,54	1046.0,5,30,54	1122.0,5,29,53	1248.0,5,28,52	1335.0,5,27,52	1534.0,5,25,50	1561.0,5,25,50	1611.0,5,24,50	1626.0,5,24,50	1690.0,5,24,49	1839.0,5,22,48	1890.0,5,22,48	1914.0,5,21,48	1688.0,5,24,49	1928.0,5,21,48	1941.0,5,21,48	1880.0,5,22,48	1706.0,5,23,49	2183.0,5,19,46	2325.0,5,17,45	2319.0,5,17,45	2146.0,5,19,46	2275.0,5,18,45	2310.0,5,17,45	2190.0,5,19,46	1726.0,5,23,49	1783.0,5,23,49	1638.0,5,24,50	1298.0,5,28,52	1133.0,5,29,53	1055.0,5,30,53	1000.0,5,30,54	1328.0,5,27,52	1572.0,5,25,50	1812.0,5,22,48	1933.0,5,21,48	1662.0,5,24,49	1396.0,5,27,51	1401.0,5,26,51
757.0,4,33,55	657.0,4,34,56	538.0,4,35,57	491.0,3,36,57	511.0,4,35,57	571.0,4,35,57	587.0,4,35,57	540.0,4,35,57	665.0,4,34,56	562.0,4,35,57	577.0,4,35,57	631.0,4,34,56	546.0,4,35,57	700.0,4,33,56	754.0,4,33,55	823.0,4,32,55	866.0,4,32,55	717.0,4,33,56	592.0,4,35,57	587.0,4,35,57	596.0,4,35,57	789.0,4,33,55	852.0,4,32,55	1087.0,5,30,53	1088.0,5,30,53	1117.0,5,29,53	1178.0,5,29,53	1425.0,5,26,51	1458.0,5,26,51	1476.0,5,26,51	1267.0,5,28,52	1561.0,5,25,50	1465.0,5,26,51	1451.0,5,26,51	1595.0,5,25,50	1751.0,5,23,49	2004.0,5,20,47	1843.0,5,22,48	2013.0,5,20,47	2269.0,5,18,45	2394.0,5,17,45	2406.0,5,16,44	2435.0,5,16,44	2472.0,5,16,44	2324.0,5,17,45	2056.0,5,20,47	1979.0,5,21,47	1935.0,5,21,48	1574.0,5,25,50	1451.0,5,26,51	1384.0,5,27,51	1278.0,5,28,52	971.0,4,31,54	1262.0,5,28,52	1515.0,5,25,50	1683.0,5,24,49	1678.0,5,24,49	1562.0,5,25,50	1427.0,5,26,51	1260.0,5,28,52
681.0,4,34,56	567.0,4,35,57	473.0,3,36,57	536.0,4,35,57	602.0,4,34,56	511.0,4,35,57	565.0,4,35,57	739.0,4,33,56	856.0,4,32,55	799.0,4,33,55	584.0,4,35,57	776.0,4,33,55	658.0,4,34,56	809.0,4,32,55	821.0,4,32,55	759.0,4,33,55	641.0,4,34,56	835.0,4,32,55	793.0,4,33,55	682.0,4,34,56	604.0,4,34,56	613.0,4,34,56	705.0,4,33,56	880.0,4,32,55	780.0,4,33,55	963.0,4,31,54	964.0,4,31,54	997.0,4,31,54	1192.0,5,29,53	1105.0,5,29,53	1250.0,5,28,52	1254.0,5,28,52	1159.0,5,29,53	1379.0,5,27,51	1247.0,5,28,52	1489.0,5,26,51	1703.0,5,23,49	1480.0,5,26,51	1822.0,5,22,48	2126.0,5,19,46	1970.0,5,21,47	2058.0,5,20,47	2242.0,5,18,46	2046.0,5,20,47	1867.0,5,22,48	1879.0,5,22,48	2035.0,5,20,47	1836.0,5,22,48	1752.0,5,23,49	1520.0,5,25,50	1282.0,5,28,52	1174.0,5,29,53	934.0,4,31,54	1075.0,5,30,53	1203.0,5,28,52	1433.0,5,26,51	1439.0,5,26,51	1285.0,5,28,52	1278.0,5,28,52	892.0,4,32,55
488.0,3,36,57	522.0,4,35,57	536.0,4,35,57	598.0,4,35,57	521.0,4,35,57	506.0,4,35,57	587.0,4,35,57	572.0,4,35,57	732.0,4,33,56	878.0,4,32,55	708.0,4,33,56	996.0,4,31,54	746.0,4,33,56	755.0,4,33,55	878.0,4,32,55	783.0,4,33,55	851.0,4,32,55	672.0,4,34,56	737.0,4,33,56	832.0,4,32,55	679.0,4,34,56	669.0,4,34,56	643.0,4,34,56	685.0,4,34,56	684.0,4,34,56	768.0,4,33,55	905.0,4,31,54	818.0,4,32,55	919.0,4,31,54	875.0,4,32,55	949.0,4,31,54	983.0,4,31,54	987.0,4,31,54	1087.0,5,30,53	1055.0,5,30,53	1279.0,5,28,52	1372.0,5,27,51	1282.0,5,28,52	1599.0,5,25,50	1825.0,5,22,48	1665.0,5,24,49	1817.0,5,22,48	2180.0,5,19,46	1972.0,5,21,47	1750.0,5,23,49	1749.0,5,23,49	1716.0,5,23,49	1543.0,5,25,50	1332.0,5,27,52	1112.0,5,29,53	1202.0,5,28,52	1065.0,5,30,53	975.0,4,31,54	1106.0,5,29,53	1264.0,5,28,52	1529.0,5,25,50	1371.0,5,27,51	1137.0,5,29,53	1086.0,5,30,53	1039.0,5,30,54
469.0,3,36,57	481.0,3,36,57	517.0,4,35,57	483.0,3,36,57	488.0,3,36,57	773.0,4,33,55	806.0,4,32,55	622.0,4,34,56	628.0,4,34,56	721.0,4,33,56	970.0,4,31,54	1022.0,5,30,54	834.0,4,32,55	745.0,4,33,56	997.0,4,31,54	968.0,4,31,54	934.0,4,31,54	914.0,4,31,54	994.0,4,31,54	874.0,4,32,55	875.0,4,32,55	842.0,4,32,55	751.0,4,33,55	726.0,4,33,56	710.0,4,33,56	708.0,4,33,56	717.0,4,33,56	759.0,4,33,55	776.0,4,33,55	782.0,4,33,55	876.0,4,32,55	879.0,4,32,55	878.0,4,32,55	976.0,4,31,54	944.0,4,31,54	1074.0,5,30,53	1125.0,5,29,53	1349.0,5,27,52	1650.0,5,24,49	1636.0,5,24,50	1518.0,5,25,50	1890.0,5,22,48	2034.0,5,20,47	1844.0,5,22,48	1724.0,5,23,49	1657.0,5,24,49	1436.0,5,26,51	1298.0,5,28,52	1287.0,5,28,52	1390.0,5,27,51	1424.0,5,26,51	1306.0,5,27,52	1059.0,5,30,53	1095.0,5,30,53	1294.0,5,28,52	1483.0,5,26,51	1361.0,5,27,51	1153.0,5,29,53	889.0,4,32,55	1181.0,5,29,53
631.0,4,34,56	732.0,4,33,56	691.0,4,34,56	747.0,4,33,56	742.0,4,33,56	875.0,4,32,55	899.0,4,32,55	649.0,4,34,56	787.0,4,33,55	773.0,4,33,55	1042.0,5,30,54	1213.0,5,28,52	1106.0,5,29,53	804.0,4,32,55	927.0,4,31,54	1268.0,5,28,52	1253.0,5,28,52	1197.0,5,29,53	1055.0,5,30,53	1044.0,5,30,54	942.0,4,31,54	771.0,4,33,55	879.0,4,32,55	858.0,4,32,55	788.0,4,33,55	859.0,4,32,55	888.0,4,32,55	846.0,4,32,55	924.0,4,31,54	937.0,4,31,54	1169.0,5,29,53	977.0,4,31,54	1140.0,5,29,53	1293.0,5,28,52	1181.0,5,29,53	1276.0,5,28,52	1171.0,5,29,53	1125.0,5,29,53	1307.0,5,27,52	1399.0,5,27,51	1578.0,5,25,50	1536.0,5,25,50	1691.0,5,24,49	1898.0,5,22,48	1748.0,5,23,49	1551.0,5,25,50	1624.0,5,24,50	1615.0,5,24,50	1618.0,5,24,50	1575.0,5,25,50	1576.0,5,25,50	1330.0,5,27,52	1177.0,5,29,53	902.0,4,31,54	1137.0,5,29,53	1431.0,5,26,51	1307.0,5,27,52	1044.0,5,30,54	947.0,4,31,54	1291.0,5,28,52
994.0,4,31,54	927.0,4,31,54	921.0,4,31,54	916.0,4,31,54	1008.0,5,30,54	1074.0,5,30,53	814.0,4,32,55	787.0,4,33,55	954.0,4,31,54	828.0,4,32,55	973.0,4,31,54	1353.0,5,27,51	1151.0,5,29,53	1126.0,5,29,53	870.0,4,32,55	1336.0,5,27,52	1513.0,5,25,50	1382.0,5,27,51	1257.0,5,28,52	1122.0,5,29,53	1093.0,5,30,53	883.0,4,32,55	1062.0,5,30,53	1040.0,5,30,54	1044.0,5,30,54	985.0,4,31,54	996.0,4,31,54	1112.0,5,29,53	871.0,4,32,55	1097.0,5,30,53	1287.0,5,28,52	1272.0,5,28,52	1465.0,5,26,51	1348.0,5,27,52	1358.0,5,27,51	1541.0,5,25,50	1523.0,5,25,50	1290.0,5,28,52	1393.0,5,27,51	1501.0,5,25,50	1497.0,5,26,51	1809.0,5,22,48	1705.0,5,23,49	1892.0,5,22,48	1935.0,5,21,48	1791.0,5,23,49	1834.0,5,22,48	1788.0,5,23,49	1814.0,5,22,48	1662.0,5,24,49	1806.0,5,22,48	1467.0,5,26,51	1160.0,5,29,53	1080.0,5,30,53	863.0,4,32,55	1187.0,5,29,53	1235.0,5,28,52	829.0,4,32,55	1076.0,5,30,53	1412.0,5,26,51
1218.0,5,28,52	1153.0,5,29,53	1211.0,5,28,52	1157.0,5,29,53	1233.0,5,28,52	1148.0,5,29,53	888.0,4,32,55	888.0,4,32,55	1078.0,5,30,53	896.0,4,32,55	1062.0,5,30,53	1326.0,5,27,52	1418.0,5,26,51	1070.0,5,30,53	917.0,4,31,54	1211.0,5,28,52	1608.0,5,24,50	1491.0,5,26,51	1487.0,5,26,51	1259.0,5,28,52	1157.0,5,29,53	1065.0,5,30,53	1122.0,5,29,53	1270.0,5,28,52	1192.0,5,29,53	1151.0,5,29,53	1090.0,5,30,53	1265.0,5,28,52	964.0,4,31,54	1163.0,5,29,53	1369.0,5,27,51	1566.0,5,25,50	1484.0,5,26,51	1571.0,5,25,50	1554.0,5,25,50	1832.0,5,22,48	1512.0,5,25,50	1496.0,5,26,51	1448.0,5,26,51	1555.0,5,25,50	1798.0,5,23,49	1945.0,5,21,48	1885.0,5,22,48	1638.0,5,24,50	1598.0,5,25,50	1624.0,5,24,50	1704.0,5,23,49	1817.0,5,22,48	1965.0,5,21,47	1836.0,5,22,48	1868.0,5,22,48	1543.0,5,25,50	1326.0,5,27,52	1254.0,5,28,52	1033.0,5,30,54	885.0,4,32,55	1033.0,5,30,54	907.0,4,31,54	1185.0,5,29,53	1424.0,5,26,51
1333.0,5,27,52	1521.0,5,25,50	1501.0,5,25,50	1467.0,5,26,51	1453.0,5,26,51	1351.0,5,27,51	1089.0,5,30,53	1103.0,5,29,53	1216.0,5,28,52	1016.0,5,30,54	1342.0,5,27,52	1367.0,5,27,51	1494.0,5,26,51	1409.0,5,26,51	1047.0,5,30,54	1458.0,5,26,51	1775.0,5,23,49	1718.0,5,23,49	1483.0,5,26,51	1457.0,5,26,51	1199.0,5,29,53	1230.0,5,28,52	1388.0,5,27,51	1452.0,5,26,51	1520.0,5,25,50	1429.0,5,26,51	1506.0,5,25,50	1239.0,5,28,52	1246.0,5,28,52	1204.0,5,28,52	1811.0,5,22,48	1862.0,5,22,48	1612.0,5,24,50	1588.0,5,25,50	1868.0,5,22,48	1871.0,5,22,48	1620.0,5,24,50	1501.0,5,25,50	1695.0,5,24,49	1573.0,5,25,50	1809.0,5,22,48	2103.0,5,19,46	1898.0,5,22,48	1773.0,5,23,49	1473.0,5,26,51	1570.0,5,25,50	1395.0,5,27,51	1819.0,5,22,48	1812.0,5,22,48	1971.0,5,21,47	1926.0,5,21,48	1688.0,5,24,49	1405.0,5,26,51	1400.0,5,26,51	1210.0,5,28,52	1021.0,5,30,54	837.0,4,32,55	1028.0,5,30,54	1245.0,5,28,52	1506.0,5,25,50
1558.0,5,25,50	1467.0,5,26,51	1486.0,5,26,51	1587.0,5,25,50	1813.0,5,22,48	1449.0,5,26,51	1314.0,5,27,52	1044.0,5,30,54	1231.0,5,28,52	1353.0,5,27,51	1519.0,5,25,50	1735.0,5,23,49	1698.0,5,24,49	1510.0,5,25,50	1289.0,5,28,52	1560.0,5,25,50	1912.0,5,21,48	1801.0,5,22,48	1608.0,5,24,50	1543.0,5,25,50	1463.0,5,26,51	1470.0,5,26,51	1552.0,5,25,50	1722.0,5,23,49	1810.0,5,22,48	1844.0,5,22,48	1527.0,5,25,50	1384.0,5,27,51	1551.0,5,25,50	1298.0,5,28,52	1891.0,5,22,48	2154.0,5,19,46	1748.0,5,23,49	1777.0,5,23,49	2234.0,5,18,46	2144.0,5,19,46	1775.0,5,23,49	1737.0,5,23,49	1982.0,5,21,47	1847.0,5,22,48	1735.0,5,23,49	2115.0,5,19,46	1828.0,5,22,48	1671.0,5,24,49	1613.0,5,24,50	1310.0,5,27,52	1296.0,5,28,52	1487.0,5,26,51	1470.0,5,26,51	1552.0,5,25,50	1801.0,5,22,48	1692.0,5,24,49	1717.0,5,23,49	1615.0,5,24,50	1331.0,5,27,52	1065.0,5,30,53	816.0,4,32,55	989.0,4,31,54	1260.0,5,28,52	1483.0,5,26,51
1404.0,5,26,51	1471.0,5,26,51	1719.0,5,23,49	1801.0,5,22,48	1890.0,5,22,48	1666.0,5,24,49	1477.0,5,26,51	1247.0,5,28,52	1581.0,5,25,50	1768.0,5,23,49	1733.0,5,23,49	1957.0,5,21,47	2061.0,5,20,47	1748.0,5,23,49	1490.0,5,26,51	1723.0,5,23,49	2101.0,5,19,46	1850.0,5,22,48	1765.0,5,23,49	1894.0,5,22,48	1847.0,5,22,48	1843.0,5,22,48	1843.0,5,22,48	1982.0,5,21,47	2154.0,5,19,46	1807.0,5,22,48	1698.0,5,24,49	1788.0,5,23,49	1861.0,5,22,48	1711.0,5,23,49	2155.0,5,19,46	2278.0,5,18,45	2015.0,5,20,47	2348.0,5,17,45	2514.0,5,15,44	2331.0,5,17,45	2176.0,5,19,46	1920.0,5,21,48	1998.0,5,21,47	2246.0,5,18,46	2156.0,5,19,46	2254.0,5,18,45	2175.0,5,19,46	1734.0,5,23,49	1494.0,5,26,51	1389.0,5,27,51	1233.0,5,28,52	1151.0,5,29,53	1157.0,5,29,53	1262.0,5,28,52	1544.0,5,25,50	1479.0,5,26,51	1705.0,5,23,49	1483.0,5,26,51	1321.0,5,27,52	1028.0,5,30,54	790.0,4,33,55	943.0,4,31,54	1014.0,5,30,54	1223.0,5,28,52
1283.0,5,28,52	1475.0,5,26,51	1662.0,5,24,49	1893.0,5,22,48	2007.0,5,20,47	1963.0,5,21,47	1693.0,5,24,49	1631.0,5,24,50	1909.0,5,21,48	1574.0,5,25,50	1473.0,5,26,51	1766.0,5,23,49	2036.0,5,20,47	1850.0,5,22,48	1699.0,5,24,49	2090.0,5,20,47	2041.0,5,20,47	1815.0,5,22,48	1853.0,5,22,48	1940.0,5,21,48	1989.0,5,21,47	2028.0,5,20,47	2156.0,5,19,46	2277.0,5,18,45	2292.0,5,18,45	2037.0,5,20,47	1818.0,5,22,48	1876.0,5,22,48	1956.0,5,21,47	2090.0,5,20,47	2286.0,5,18,45	2420.0,5,16,44	2289.0,5,18,45	2565.0,5,15,43	2614.0,5,14,43	2453.0,5,16,44	2468.0,5,16,44	2342.0,5,17,45	2275.0,5,18,45	2423.0,5,16,44	2433.0,5,16,44	2295.0,5,18,45	2151.0,5,19,46	1974.0,5,21,47	1716.0,5,23,49	1486.0,5,26,51	1327.0,5,27,52	1210.0,5,28,52	1092.0,5,30,53	1178.0,5,29,53	1212.0,5,28,52	1226.0,5,28,52	1433.0,5,26,51	1241.0,5,28,52	1186.0,5,29,53	1010.0,5,30,54	796.0,4,33,55	900.0,4,31,54	1031.0,5,30,54	1230.0,5,28,52
1315.0,5,27,52	1582.0,5,25,50	1664.0,5,24,49	1773.0,5,23,49	1969.0,5,21,47	1854.0,5,22,48	1602.0,5,24,50	1527.0,5,25,50	1817.0,5,22,48	1425.0,5,26,51	1406.0,5,26,51	1709.0,5,23,49	1799.0,5,23,49	1642.0,5,24,50	1839.0,5,22,48	2003.0,5,20,47	1923.0,5,21,48	1597.0,5,25,50	1547.0,5,25,50	1648.0,5,24,50	1728.0,5,23,49	1927.0,5,21,48	2115.0,5,19,46	2145.0,5,19,46	1971.0,5,21,47	1981.0,5,21,47	1651.0,5,24,49	1634.0,5,24,50	1702.0,5,23,49	2082.0,5,20,47	2168.0,5,19,46	2221.0,5,18,46	2187.0,5,19,46	2156.0,5,19,46	2469.0,5,16,44	2346.0,5,17,45	2252.0,5,18,45	2266.0,5,18,45	2196.0,5,19,46	2251.0,5,18,45	2358.0,5,17,45	2233.0,5,18,46	2085.0,5,20,47	2157.0,5,19,46	1936.0,5,21,48	1494.0,5,26,51	1421.0,5,26,51	1292.0,5,28,52	1191.0,5,29,53	1090.0,5,30,53	987.0,4,31,54	1180.0,5,29,53	1282.0,5,28,52	1375.0,5,27,51	1243.0,5,28,52	960.0,4,31,54	792.0,4,33,55	855.0,4,32,55	1010.0,5,30,54	1307.0,5,27,52
1282.0,5,28,52	1524.0,5,25,50	1712.0,5,23,49	1620.0,5,24,50	1698.0,5,24,49	1690.0,5,24,49	1431.0,5,26,51	1347.0,5,27,52	1468.0,5,26,51	1247.0,5,28,52	1235.0,5,28,52	1338.0,5,27,52	1648.0,5,24,50	1512.0,5,25,50	1683.0,5,24,49	1606.0,5,24,50	1734.0,5,23,49	1625.0,5,24,50	1358.0,5,27,51	1500.0,5,25,50	1654.0,5,24,49	1871.0,5,22,48	2005.0,5,20,47	1949.0,5,21,48	1782.0,5,23,49	1695.0,5,24,49	1536.0,5,25,50	1451.0,5,26,51	1595.0,5,25,50	1951.0,5,21,47	2060.0,5,20,47	2086.0,5,20,47	1885.0,5,22,48	2119.0,5,19,46	2361.0,5,17,45	2180.0,5,19,46	1917.0,5,21,48	1996.0,5,21,47	1965.0,5,21,47	2156.0,5,19,46	2177.0,5,19,46	2198.0,5,19,46	2052.0,5,20,47	2060.0,5,20,47	1850.0,5,22,48	1715.0,5,23,49	1622.0,5,24,50	1335.0,5,27,52	1319.0,5,27,52	1293.0,5,28,52	1094.0,5,30,53	954.0,4,31,54	987.0,4,31,54	1020.0,5,30,54	972.0,4,31,54	986.0,4,31,54	769.0,4,33,55	879.0,4,32,55	1000.0,5,30,54	1119.0,5,29,53
1202.0,5,28,52	1172.0,5,29,53	1297.0,5,28,52	1333.0,5,27,52	1417.0,5,26,51	1324.0,5,27,52	1413.0,5,26,51	1108.0,5,29,53	1375.0,5,27,51	1140.0,5,29,53	1261.0,5,28,52	1514.0,5,25,50	1410.0,5,26,51	1201.0,5,28,52	1496.0,5,26,51	1296.0,5,28,52	1490.0,5,26,51	1377.0,5,27,51	1217.0,5,28,52	1404.0,5,26,51	1590.0,5,25,50	1596.0,5,25,50	1668.0,5,24,49	1563.0,5,25,50	1477.0,5,26,51	1463.0,5,26,51	1402.0,5,26,51	1412.0,5,26,51	1648.0,5,24,50	1886.0,5,22,48	1709.0,5,23,49	1690.0,5,24,49	1667.0,5,24,49	1990.0,5,21,47	2285.0,5,18,45	2219.0,5,18,46	2030.0,5,20,47	1849.0,5,22,48	1823.0,5,22,48	1990.0,5,21,47	2116.0,5,19,46	1953.0,5,21,47	2011.0,5,20,47	2193.0,5,19,46	2158.0,5,19,46	1996.0,5,21,47	1612.0,5,24,50	1626.0,5,24,50	1529.0,5,25,50	1345.0,5,27,52	1140.0,5,29,53	1073.0,5,30,53	1056.0,5,30,53	1148.0,5,29,53	1089.0,5,30,53	801.0,4,32,55	760.0,4,33,55	1002.0,5,30,54	1093.0,5,30,53	1228.0,5,28,52
981.0,4,31,54	1042.0,5,30,54	1006.0,5,30,54	1289.0,5,28,52	1296.0,5,28,52	1087.0,5,30,53	1316.0,5,27,52	1022.0,5,30,54	1208.0,5,28,52	1136.0,5,29,53	1035.0,5,30,54	1332.0,5,27,52	1153.0,5,29,53	1108.0,5,29,53	1228.0,5,28,52	1219.0,5,28,52	1313.0,5,27,52	1268.0,5,28,52	1305.0,5,27,52	1378.0,5,27,51	1359.0,5,27,51	1626.0,5,24,50	1459.0,5,26,51	1416.0,5,26,51	1402.0,5,26,51	1388.0,5,27,51	1385.0,5,27,51	1380.0,5,27,51	1607.0,5,24,50	1708.0,5,23,49	1493.0,5,26,51	1518.0,5,25,50	1688.0,5,24,49	1908.0,5,21,48	2232.0,5,18,46	2061.0,5,20,47	2075.0,5,20,47	1927.0,5,21,48	1731.0,5,23,49	1912.0,5,21,48	2002.0,5,20,47	1936.0,5,21,48	2102.0,5,19,46	2228.0,5,18,46	2289.0,5,18,45	2180.0,5,19,46	1863.0,5,22,48	1632.0,5,24,50	1443.0,5,26,51	1318.0,5,27,52	1284.0,5,28,52	1092.0,5,30,53	1008.0,5,30,54	990.0,4,31,54	1122.0,5,29,53	876.0,4,32,55	754.0,4,33,55	989.0,4,31,54	1099.0,5,30,53	1320.0,5,27,52
811.0,4,32,55	913.0,4,31,54	918.0,4,31,54	1146.0,5,29,53	988.0,4,31,54	1014.0,5,30,54	1077.0,5,30,53	945.0,4,31,54	1010.0,5,30,54	948.0,4,31,54	1022.0,5,30,54	1043.0,5,30,54	1022.0,5,30,54	1051.0,5,30,53	1079.0,5,30,53	1177.0,5,29,53	1175.0,5,29,53	1217.0,5,28,52	1193.0,5,29,53	1254.0,5,28,52	1383.0,5,27,51	1505.0,5,25,50	1384.0,5,27,51	1377.0,5,27,51	1381.0,5,27,51	1360.0,5,27,51	1346.0,5,27,52	1361.0,5,27,51	1381.0,5,27,51	1489.0,5,26,51	1420.0,5,26,51	1455.0,5,26,51	1499.0,5,26,51	1738.0,5,23,49	1862.0,5,22,48	1973.0,5,21,47	2013.0,5,20,47	1925.0,5,21,48	1718.0,5,23,49	1826.0,5,22,48	1882.0,5,22,48	1969.0,5,21,47	2171.0,5,19,46	2236.0,5,18,46	2366.0,5,17,45	2178.0,5,19,46	2115.0,5,19,46	1831.0,5,22,48	1750.0,5,23,49	1389.0,5,27,51	1167.0,5,29,53	1211.0,5,28,52	1128.0,5,29,53	1028.0,5,30,54	879.0,4,32,55	1025.0,5,30,54	783.0,4,33,55	766.0,4,33,55	1067.0,5,30,53	1024.0,5,30,54
1047.0,5,30,54	905.0,4,31,54	916.0,4,31,54	986.0,4,31,54	940.0,4,31,54	955.0,4,31,54	984.0,4,31,54	900.0,4,31,54	896.0,4,32,55	918.0,4,31,54	907.0,4,31,54	915.0,4,31,54	966.0,4,31,54	1009.0,5,30,54	1156.0,5,29,53	1118.0,5,29,53	1139.0,5,29,53	1214.0,5,28,52	1250.0,5,28,52	1260.0,5,28,52	1482.0,5,26,51	1505.0,5,25,50	1378.0,5,27,51	1359.0,5,27,51	1364.0,5,27,51	1361.0,5,27,51	1333.0,5,27,52	1340.0,5,27,52	1372.0,5,27,51	1343.0,5,27,52	1394.0,5,27,51	1411.0,5,26,51	1434.0,5,26,51	1684.0,5,24,49	1580.0,5,25,50	1693.0,5,24,49	1947.0,5,21,48	1882.0,5,22,48	1779.0,5,23,49	1638.0,5,24,50	1871.0,5,22,48	2011.0,5,20,47	2114.0,5,19,46	2182.0,5,19,46	2217.0,5,18,46	2002.0,5,20,47	1965.0,5,21,47	1844.0,5,22,48	1636.0,5,24,50	1365.0,5,27,51	1391.0,5,27,51	1488.0,5,26,51	1217.0,5,28,52	1066.0,5,30,53	1021.0,5,30,54	1117.0,5,29,53	941.0,4,31,54	740.0,4,33,56	919.0,4,31,54	1050.0,5,30,53
1234.0,5,28,52	1091.0,5,30,53	953.0,4,31,54	926.0,4,31,54	862.0,4,32,55	925.0,4,31,54	928.0,4,31,54	999.0,4,31,54	1063.0,5,30,53	1094.0,5,30,53	1025.0,5,30,54	1082.0,5,30,53	1119.0,5,29,53	1276.0,5,28,52	1341.0,5,27,52	1211.0,5,28,52	1387.0,5,27,51	1319.0,5,27,52	1491.0,5,26,51	1427.0,5,26,51	1482.0,5,26,51	1470.0,5,26,51	1360.0,5,27,51	1367.0,5,27,51	1326.0,5,27,52	1368.0,5,27,51	1321.0,5,27,52	1362.0,5,27,51	1333.0,5,27,52	1351.0,5,27,51	1373.0,5,27,51	1379.0,5,27,51	1414.0,5,26,51	1605.0,5,24,50	1416.0,5,26,51	1454.0,5,26,51	1498.0,5,26,51	1713.0,5,23,49	1488.0,5,26,51	1587.0,5,25,50	1693.0,5,24,49	1794.0,5,23,49	1772.0,5,23,49	1985.0,5,21,47	2029.0,5,20,47	1839.0,5,22,48	1823.0,5,22,48	1825.0,5,22,48	1657.0,5,24,49	1519.0,5,25,50	1574.0,5,25,50	1445.0,5,26,51	1399.0,5,27,51	1254.0,5,28,52	1044.0,5,30,54	1274.0,5,28,52	1182.0,5,29,53	971.0,4,31,54	728.0,4,33,56	842.0,4,32,55
1069.0,5,30,53	1234.0,5,28,52	1129.0,5,29,53	946.0,4,31,54	975.0,4,31,54	1196.0,5,29,53	1178.0,5,29,53	1144.0,5,29,53	1255.0,5,28,52	1160.0,5,29,53	1201.0,5,28,52	1156.0,5,29,53	1401.0,5,26,51	1445.0,5,26,51	1293.0,5,28,52	1378.0,5,27,51	1730.0,5,23,49	1654.0,5,24,49	1868.0,5,22,48	1625.0,5,24,50	1615.0,5,24,50	1399.0,5,27,51	1360.0,5,27,51	1354.0,5,27,51	1317.0,5,27,52	1360.0,5,27,51	1335.0,5,27,52	1336.0,5,27,52	1350.0,5,27,51	1370.0,5,27,51	1369.0,5,27,51	1341.0,5,27,52	1366.0,5,27,51	1512.0,5,25,50	1382.0,5,27,51	1388.0,5,27,51	1400.0,5,26,51	1472.0,5,26,51	1378.0,5,27,51	1406.0,5,26,51	1496.0,5,26,51	1589.0,5,25,50	1714.0,5,23,49	1854.0,5,22,48	1964.0,5,21,47	1792.0,5,23,49	1687.0,5,24,49	1919.0,5,21,48	1592.0,5,25,50	1569.0,5,25,50	1416.0,5,26,51	1208.0,5,28,52	1147.0,5,29,53	1002.0,5,30,54	943.0,4,31,54	935.0,4,31,54	1048.0,5,30,54	1041.0,5,30,54	899.0,4,32,55	790.0,4,33,55
872.0,4,32,55	962.0,4,31,54	1049.0,5,30,54	1111.0,5,29,53	1138.0,5,29,53	1089.0,5,30,53	1125.0,5,29,53	1006.0,5,30,54	1148.0,5,29,53	1196.0,5,29,53	1154.0,5,29,53	1273.0,5,28,52	1425.0,5,26,51	1376.0,5,27,51	1386.0,5,27,51	1564.0,5,25,50	1806.0,5,22,48	1773.0,5,23,49	1992.0,5,21,47	1876.0,5,22,48	1875.0,5,22,48	1578.0,5,25,50	1373.0,5,27,51	1340.0,5,27,52	1313.0,5,27,52	1352.0,5,27,51	1355.0,5,27,51	1337.0,5,27,52	1365.0,5,27,51	1363.0,5,27,51	1336.0,5,27,52	1343.0,5,27,52	1359.0,5,27,51	1524.0,5,25,50	1346.0,5,27,52	1349.0,5,27,52	1381.0,5,27,51	1372.0,5,27,51	1347.0,5,27,52	1389.0,5,27,51	1402.0,5,26,51	1439.0,5,26,51	1508.0,5,25,50	1758.0,5,23,49	1767.0,5,23,49	1566.0,5,25,50	1675.0,5,24,49	1775.0,5,23,49	1523.0,5,25,50	1398.0,5,27,51	1431.0,5,26,51	1312.0,5,27,52	1179.0,5,29,53	1060.0,5,30,53	1041.0,5,30,54	992.0,4,31,54	855.0,4,32,55	827.0,4,32,55	922.0,4,31,54	717.0,4,33,56
694.0,4,34,56	710.0,4,33,56	762.0,4,33,55	994.0,4,31,54	959.0,4,31,54	990.0,4,31,54	978.0,4,31,54	1048.0,5,30,54	1010.0,5,30,54	1008.0,5,30,54	1035.0,5,30,54	1057.0,5,30,53	1193.0,5,29,53	1130.0,5,29,53	1240.0,5,28,52	1682.0,5,24,49	1946.0,5,21,48	1944.0,5,21,48	1907.0,5,21,48	2043.0,5,20,47	1954.0,5,21,47	1558.0,5,25,50	1643.0,5,24,50	1394.0,5,27,51	1341.0,5,27,52	1317.0,5,27,52	1310.0,5,27,52	1353.0,5,27,51	1348.0,5,27,52	1364.0,5,27,51	1324.0,5,27,52	1400.0,5,26,51	1446.0,5,26,51	1392.0,5,27,51	1337.0,5,27,52	1342.0,5,27,52	1360.0,5,27,51	1345.0,5,27,52	1357.0,5,27,51	1377.0,5,27,51	1401.0,5,26,51	1408.0,5,26,51	1586.0,5,25,50	1625.0,5,24,50	1495.0,5,26,51	1532.0,5,25,50	1744.0,5,23,49	1775.0,5,23,49	1616.0,5,24,50	1699.0,5,24,49	1380.0,5,27,51	1407.0,5,26,51	1392.0,5,27,51	1192.0,5,29,53	1020.0,5,30,54	906.0,4,31,54	934.0,4,31,54	985.0,4,31,54	778.0,4,33,55	728.0,4,33,56
940.0,4,31,54	867.0,4,32,55	894.0,4,32,55	785.0,4,33,55	794.0,4,33,55	843.0,4,32,55	850.0,4,32,55	897.0,4,32,55	890.0,4,32,55	973.0,4,31,54	968.0,4,31,54	985.0,4,31,54	1016.0,5,30,54	1083.0,5,30,53	1137.0,5,29,53	1464.0,5,26,51	1652.0,5,24,49	1673.0,5,24,49	1704.0,5,23,49	1749.0,5,23,49	1629.0,5,24,50	1441.0,5,26,51	1337.0,5,27,52	1335.0,5,27,52	1314.0,5,27,52	1308.0,5,27,52	1310.0,5,27,52	1330.0,5,27,52	1343.0,5,27,52	1340.0,5,27,52	1326.0,5,27,52	1335.0,5,27,52	1344.0,5,27,52	1339.0,5,27,52	1343.0,5,27,52	1333.0,5,27,52	1334.0,5,27,52	1375.0,5,27,51	1366.0,5,27,51	1351.0,5,27,51	1365.0,5,27,51	1397.0,5,27,51	1393.0,5,27,51	1414.0,5,26,51	1414.0,5,26,51	1743.0,5,23,49	1872.0,5,22,48	1845.0,5,22,48	1681.0,5,24,49	1580.0,5,25,50	1592.0,5,25,50	1681.0,5,24,49	1355.0,5,27,51	1146.0,5,29,53	1087.0,5,30,53	1093.0,5,30,53	1067.0,5,30,53	1253.0,5,28,52	970.0,4,31,54	940.0,4,31,54
1113.0,5,29,53	1076.0,5,30,53	940.0,4,31,54	876.0,4,32,55	876.0,4,32,55	889.0,4,32,55	884.0,4,32,55	867.0,4,32,55	910.0,4,31,54	941.0,4,31,54	981.0,4,31,54	1040.0,5,30,54	1091.0,5,30,53	1200.0,5,28,52	1305.0,5,27,52	1311.0,5,27,52	1428.0,5,26,51	1428.0,5,26,51	1604.0,5,24,50	1465.0,5,26,51	1512.0,5,25,50	1573.0,5,25,50	1320.0,5,27,52	1322.0,5,27,52	1303.0,5,27,52	1301.0,5,27,52	1310.0,5,27,52	1333.0,5,27,52	1326.0,5,27,52	1341.0,5,27,52	1322.0,5,27,52	1336.0,5,27,52	1372.0,5,27,51	1328.0,5,27,52	1338.0,5,27,52	1383.0,5,27,51	1377.0,5,27,51	1377.0,5,27,51	1360.0,5,27,51	1338.0,5,27,52	1380.0,5,27,51	1346.0,5,27,52	1360.0,5,27,51	1407.0,5,26,51	1434.0,5,26,51	1621.0,5,24,50	1551.0,5,25,50	1721.0,5,23,49	1692.0,5,24,49	1740.0,5,23,49	1801.0,5,22,48	1559.0,5,25,50	1380.0,5,27,51	1344.0,5,27,52	1193.0,5,29,53	1217.0,5,28,52	1215.0,5,28,52	1032.0,5,30,54	972.0,4,31,54	1087.0,5,30,53
1383.0,5,27,51	1198.0,5,29,53	1214.0,5,28,52	1086.0,5,30,53	993.0,4,31,54	862.0,4,32,55	903.0,4,31,54	993.0,4,31,54	920.0,4,31,54	981.0,4,31,54	1028.0,5,30,54	1052.0,5,30,53	1113.0,5,29,53	1284.0,5,28,52	1613.0,5,24,50	1554.0,5,25,50	1510.0,5,25,50	1376.0,5,27,51	1398.0,5,27,51	1537.0,5,25,50	1423.0,5,26,51	1331.0,5,27,52	1310.0,5,27,52	1312.0,5,27,52	1295.0,5,28,52	1301.0,5,27,52	1327.0,5,27,52	1317.0,5,27,52	1327.0,5,27,52	1312.0,5,27,52	1339.0,5,27,52	1343.0,5,27,52	1356.0,5,27,51	1330.0,5,27,52	1335.0,5,27,52	1386.0,5,27,51	1378.0,5,27,51	1335.0,5,27,52	1331.0,5,27,52	1351.0,5,27,51	1339.0,5,27,52	1344.0,5,27,52	1374.0,5,27,51	1379.0,5,27,51	1402.0,5,26,51	1456.0,5,26,51	1515.0,5,25,50	1478.0,5,26,51	1608.0,5,24,50	1737.0,5,23,49	1955.0,5,21,47	1700.0,5,23,49	1544.0,5,25,50	1537.0,5,25,50	1305.0,5,27,52	1135.0,5,29,53	960.0,4,31,54	909.0,4,31,54	849.0,4,32,55	904.0,4,31,54
1492.0,5,26,51	1366.0,5,27,51	1166.0,5,29,53	1279.0,5,28,52	1174.0,5,29,53	1039.0,5,30,54	947.0,4,31,54	1001.0,5,30,54	1113.0,5,29,53	1077.0,5,30,53	1056.0,5,30,53	1255.0,5,28,52	1457.0,5,26,51	1471.0,5,26,51	1624.0,5,24,50	1776.0,5,23,49	1599.0,5,25,50	1500.0,5,25,50	1363.0,5,27,51	1361.0,5,27,51	1376.0,5,27,51	1472.0,5,26,51	1326.0,5,27,52	1317.0,5,27,52	1296.0,5,28,52	1320.0,5,27,52	1317.0,5,27,52	1316.0,5,27,52	1326.0,5,27,52	1338.0,5,27,52	1334.0,5,27,52	1319.0,5,27,52	1320.0,5,27,52	1316.0,5,27,52	1352.0,5,27,51	1370.0,5,27,51	1346.0,5,27,52	1325.0,5,27,52	1368.0,5,27,51	1480.0,5,26,51	1442.0,5,26,51	1478.0,5,26,51	1409.0,5,26,51	1390.0,5,27,51	1371.0,5,27,51	1424.0,5,26,51	1486.0,5,26,51	1573.0,5,25,50	1654.0,5,24,49	1845.0,5,22,48	1817.0,5,22,48	1585.0,5,25,50	1325.0,5,27,52	1286.0,5,28,52	1161.0,5,29,53	966.0,4,31,54	993.0,4,31,54	1009.0,5,30,54	914.0,4,31,54	832.0,4,32,55
1924.0,5,21,48	1642.0,5,24,50	1549.0,5,25,50	1416.0,5,26,51	1429.0,5,26,51	1328.0,5,27,52	1048.0,5,30,54	1188.0,5,29,53	1236.0,5,28,52	1367.0,5,27,51	1211.0,5,28,52	1215.0,5,28,52	1378.0,5,27,51	1590.0,5,25,50	1562.0,5,25,50	1520.0,5,25,50	1587.0,5,25,50	1675.0,5,24,49	1476.0,5,26,51	1326.0,5,27,52	1336.0,5,27,52	1342.0,5,27,52	1330.0,5,27,52	1318.0,5,27,52	1295.0,5,28,52	1316.0,5,27,52	1307.0,5,27,52	1316.0,5,27,52	1306.0,5,27,52	1335.0,5,27,52	1320.0,5,27,52	1335.0,5,27,52	1342.0,5,27,52	1369.0,5,27,51	1368.0,5,27,51	1324.0,5,27,52	1322.0,5,27,52	1324.0,5,27,52	1385.0,5,27,51	1369.0,5,27,51	1424.0,5,26,51	1513.0,5,25,50	1613.0,5,24,50	1597.0,5,25,50	1453.0,5,26,51	1610.0,5,24,50	1601.0,5,24,50	1699.0,5,24,49	1796.0,5,23,49	1873.0,5,22,48	1862.0,5,22,48	1456.0,5,26,51	1254.0,5,28,52	1194.0,5,29,53	1145.0,5,29,53	1200.0,5,28,52	1043.0,5,30,54	966.0,4,31,54	924.0,4,31,54	871.0,4,32,55
1947.0,5,21,48	2025.0,5,20,47	1856.0,5,22,48	1945.0,5,21,48	1892.0,5,22,48	1422.0,5,26,51	1082.0,5,30,53	1408.0,5,26,51	1227.0,5,28,52	1521.0,5,25,50	1305.0,5,27,52	1602.0,5,24,50	1530.0,5,25,50	1434.0,5,26,51	1421.0,5,26,51	1430.0,5,26,51	1411.0,5,26,51	1483.0,5,26,51	1498.0,5,26,51	1368.0,5,27,51	1349.0,5,27,52	1296.0,5,28,52	1302.0,5,27,52	1316.0,5,27,52	1295.0,5,28,52	1317.0,5,27,52	1306.0,5,27,52	1310.0,5,27,52	1306.0,5,27,52	1323.0,5,27,52	1331.0,5,27,52	1329.0,5,27,52	1342.0,5,27,52	1342.0,5,27,52	1318.0,5,27,52	1316.0,5,27,52	1345.0,5,27,52	1365.0,5,27,51	1385.0,5,27,51	1364.0,5,27,51	1377.0,5,27,51	1378.0,5,27,51	1397.0,5,27,51	1381.0,5,27,51	1389.0,5,27,51	1542.0,5,25,50	1675.0,5,24,49	1713.0,5,23,49	1720.0,5,23,49	1855.0,5,22,48	1928.0,5,21,48	1550.0,5,25,50	1530.0,5,25,50	1475.0,5,26,51	1400.0,5,26,51	1341.0,5,27,52	1047.0,5,30,54	938.0,4,31,54	887.0,4,32,55	913.0,4,31,54
1697.0,5,24,49	1978.0,5,21,47	2181.0,5,19,46	1830.0,5,22,48	1697.0,5,24,49	1454.0,5,26,51	1286.0,5,28,52	1487.0,5,26,51	1413.0,5,26,51	1810.0,5,22,48	1584.0,5,25,50	1828.0,5,22,48	1671.0,5,24,49	1478.0,5,26,51	1441.0,5,26,51	1392.0,5,27,51	1372.0,5,27,51	1368.0,5,27,51	1371.0,5,27,51	1400.0,5,26,51	1344.0,5,27,52	1340.0,5,27,52	1312.0,5,27,52	1295.0,5,28,52	1290.0,5,28,52	1300.0,5,27,52	1289.0,5,28,52	1300.0,5,27,52	1316.0,5,27,52	1321.0,5,27,52	1321.0,5,27,52	1338.0,5,27,52	1317.0,5,27,52	1320.0,5,27,52	1312.0,5,27,52	1360.0,5,27,51	1371.0,5,27,51	1358.0,5,27,51	1380.0,5,27,51	1378.0,5,27,51	1340.0,5,27,52	1346.0,5,27,52	1343.0,5,27,52	1355.0,5,27,51	1373.0,5,27,51	1533.0,5,25,50	1745.0,5,23,49	1865.0,5,22,48	1880.0,5,22,48	1990.0,5,21,47	1991.0,5,21,47	1698.0,5,24,49	1662.0,5,24,49	1725.0,5,23,49	1654.0,5,24,49	1296.0,5,28,52	1083.0,5,30,53	1130.0,5,29,53	1144.0,5,29,53	993.0,4,31,54
1663.0,5,24,49	1955.0,5,21,47	2321.0,5,17,45	1905.0,5,21,48	1599.0,5,25,50	1545.0,5,25,50	1392.0,5,27,51	1883.0,5,22,48	1779.0,5,23,49	1961.0,5,21,47	1781.0,5,23,49	2114.0,5,19,46	1793.0,5,23,49	1547.0,5,25,50	1487.0,5,26,51	1422.0,5,26,51	1384.0,5,27,51	1376.0,5,27,51	1361.0,5,27,51	1402.0,5,26,51	1318.0,5,27,52	1297.0,5,28,52	1296.0,5,28,52	1312.0,5,27,52	1286.0,5,28,52	1289.0,5,28,52	1305.0,5,27,52	1293.0,5,28,52	1316.0,5,27,52	1304.0,5,27,52	1326.0,5,27,52	1309.0,5,27,52	1304.0,5,27,52	1314.0,5,27,52	1346.0,5,27,52	1349.0,5,27,52	1332.0,5,27,52	1364.0,5,27,51	1345.0,5,27,52	1371.0,5,27,51	1331.0,5,27,52	1332.0,5,27,52	1352.0,5,27,51	1345.0,5,27,52	1369.0,5,27,51	1467.0,5,26,51	1662.0,5,24,49	1851.0,5,22,48	2012.0,5,20,47	2055.0,5,20,47	2092.0,5,20,47	1977.0,5,21,47	1867.0,5,22,48	1844.0,5,22,48	1585.0,5,25,50	1239.0,5,28,52	1330.0,5,27,52	1184.0,5,29,53	1073.0,5,30,53	890.0,4,32,55
1858.0,5,22,48	1972.0,5,21,47	2242.0,5,18,46	2195.0,5,19,46	2084.0,5,20,47	1798.0,5,23,49	1634.0,5,24,50	1962.0,5,21,47	2058.0,5,20,47	2118.0,5,19,46	2338.0,5,17,45	2170.0,5,19,46	1849.0,5,22,48	1792.0,5,23,49	1626.0,5,24,50	1485.0,5,26,51	1444.0,5,26,51	1395.0,5,27,51	1358.0,5,27,51	1344.0,5,27,52	1329.0,5,27,52	1348.0,5,27,52	1334.0,5,27,52	1297.0,5,28,52	1292.0,5,28,52	1317.0,5,27,52	1313.0,5,27,52	1295.0,5,28,52	1298.0,5,28,52	1300.0,5,27,52	1304.0,5,27,52	1319.0,5,27,52	1331.0,5,27,52	1327.0,5,27,52	1338.0,5,27,52	1310.0,5,27,52	1312.0,5,27,52	1318.0,5,27,52	1323.0,5,27,52	1342.0,5,27,52	1333.0,5,27,52	1352.0,5,27,51	1334.0,5,27,52	1350.0,5,27,51	1393.0,5,27,51	1423.0,5,26,51	1520.0,5,25,50	1703.0,5,23,49	1732.0,5,23,49	1884.0,5,22,48	1909.0,5,21,48	1990.0,5,21,47	1993.0,5,21,47	1902.0,5,21,48	1564.0,5,25,50	1586.0,5,25,50	1481.0,5,26,51	1193.0,5,29,53	1031.0,5,30,54	916.0,4,31,54
2126.0,5,19,46	2096.0,5,20,47	2187.0,5,19,46	1918.0,5,21,48	2143.0,5,19,46	1994.0,5,21,47	1825.0,5,22,48	1947.0,5,21,48	2247.0,5,18,46	2074.0,5,20,47	2055.0,5,20,47	2363.0,5,17,45	1972.0,5,21,47	2090.0,5,20,47	1694.0,5,24,49	1590.0,5,25,50	1492.0,5,26,51	1413.0,5,26,51	1396.0,5,27,51	1363.0,5,27,51	1342.0,5,27,52	1402.0,5,26,51	1325.0,5,27,52	1279.0,5,28,52	1298.0,5,28,52	1329.0,5,27,52	1327.0,5,27,52	1322.0,5,27,52	1292.0,5,28,52	1315.0,5,27,52	1300.0,5,27,52	1308.0,5,27,52	1316.0,5,27,52	1321.0,5,27,52	1309.0,5,27,52	1306.0,5,27,52	1306.0,5,27,52	1312.0,5,27,52	1317.0,5,27,52	1329.0,5,27,52	1341.0,5,27,52	1324.0,5,27,52	1335.0,5,27,52	1356.0,5,27,51	1367.0,5,27,51	1434.0,5,26,51	1574.0,5,25,50	1652.0,5,24,49	1622.0,5,24,50	1746.0,5,23,49	1930.0,5,21,48	1969.0,5,21,47	1764.0,5,23,49	1753.0,5,23,49	1655.0,5,24,49	1310.0,5,27,52	1341.0,5,27,52	1304.0,5,27,52	1117.0,5,29,53	1063.0,5,30,53
2130.0,5,19,46	1962.0,5,21,47	1877.0,5,22,48	1811.0,5,22,48	1948.0,5,21,48	2234.0,5,18,46	2110.0,5,19,46	2232.0,5,18,46	2122.0,5,19,46	2001.0,5,20,47	2087.0,5,20,47	2040.0,5,20,47	2319.0,5,17,45	2177.0,5,19,46	1848.0,5,22,48	1640.0,5,24,50	1585.0,5,25,50	1497.0,5,26,51	1416.0,5,26,51	1393.0,5,27,51	1381.0,5,27,51	1378.0,5,27,51	1337.0,5,27,52	1279.0,5,28,52	1308.0,5,27,52	1331.0,5,27,52	1328.0,5,27,52	1326.0,5,27,52	1300.0,5,27,52	1301.0,5,27,52	1297.0,5,28,52	1300.0,5,27,52	1305.0,5,27,52	1303.0,5,27,52	1303.0,5,27,52	1307.0,5,27,52	1330.0,5,27,52	1311.0,5,27,52	1334.0,5,27,52	1326.0,5,27,52	1318.0,5,27,52	1329.0,5,27,52	1368.0,5,27,51	1351.0,5,27,51	1374.0,5,27,51	1383.0,5,27,51	1510.0,5,25,50	1718.0,5,23,49	1576.0,5,25,50	1717.0,5,23,49	1719.0,5,23,49	1772.0,5,23,49	1609.0,5,24,50	1505.0,5,25,50	1534.0,5,25,50	1374.0,5,27,51	1188.0,5,29,53	1265.0,5,28,52	1027.0,5,30,54	971.0,4,31,54
1952.0,5,21,47	1798.0,5,23,49	1777.0,5,23,49	1784.0,5,23,49	1810.0,5,22,48	1868.0,5,22,48	1809.0,5,22,48	2148.0,5,19,46	2073.0,5,20,47	1891.0,5,22,48	1877.0,5,22,48	1983.0,5,21,47	2430.0,5,16,44	2324.0,5,17,45	2034.0,5,20,47	1806.0,5,22,48	1694.0,5,24,49	1735.0,5,23,49	1470.0,5,26,51	1375.0,5,27,51	1369.0,5,27,51	1342.0,5,27,52	1314.0,5,27,52	1356.0,5,27,51	1281.0,5,28,52	1310.0,5,27,52	1337.0,5,27,52	1329.0,5,27,52	1304.0,5,27,52	1311.0,5,27,52	1307.0,5,27,52	1304.0,5,27,52	1312.0,5,27,52	1329.0,5,27,52	1329.0,5,27,52	1339.0,5,27,52	1370.0,5,27,51	1371.0,5,27,51	1327.0,5,27,52	1338.0,5,27,52	1326.0,5,27,52	1325.0,5,27,52	1350.0,5,27,51	1364.0,5,27,51	1380.0,5,27,51	1388.0,5,27,51	1512.0,5,25,50	1585.0,5,25,50	1629.0,5,24,50	1549.0,5,25,50	1547.0,5,25,50	1617.0,5,24,50	1719.0,5,23,49	1391.0,5,27,51	1326.0,5,27,52	1345.0,5,27,52	1076.0,5,30,53	1232.0,5,28,52	1101.0,5,29,53	915.0,4,31,54
2038.0,5,20,47	1818.0,5,22,48	1712.0,5,23,49	1711.0,5,23,49	1852.0,5,22,48	1738.0,5,23,49	1760.0,5,23,49	2044.0,5,20,47	1885.0,5,22,48	1766.0,5,23,49	2089.0,5,20,47	2105.0,5,19,46	2356.0,5,17,45	2043.0,5,20,47	2233.0,5,18,46	2367.0,5,17,45	2109.0,5,19,46	1746.0,5,23,49	1621.0,5,24,50	1590.0,5,25,50	1375.0,5,27,51	1322.0,5,27,52	1285.0,5,28,52	1336.0,5,27,52	1345.0,5,27,52	1295.0,5,28,52	1342.0,5,27,52	1336.0,5,27,52	1304.0,5,27,52	1320.0,5,27,52	1310.0,5,27,52	1302.0,5,27,52	1322.0,5,27,52	1315.0,5,27,52	1340.0,5,27,52	1330.0,5,27,52	1378.0,5,27,51	1384.0,5,27,51	1443.0,5,26,51	1377.0,5,27,51	1359.0,5,27,51	1338.0,5,27,52	1381.0,5,27,51	1398.0,5,27,51	1370.0,5,27,51	1405.0,5,26,51	1596.0,5,25,50	1499.0,5,26,51	1500.0,5,25,50	1470.0,5,26,51	1533.0,5,25,50	1644.0,5,24,50	1815.0,5,22,48	1483.0,5,26,51	1176.0,5,29,53	1177.0,5,29,53	1005.0,5,30,54	1047.0,5,30,54	1039.0,5,30,54	919.0,4,31,54
1841.0,5,22,48	1806.0,5,22,48	1725.0,5,23,49	1702.0,5,23,49	1791.0,5,23,49	1776.0,5,23,49	1688.0,5,24,49	1921.0,5,21,48	1758.0,5,23,49	1954.0,5,21,47	1997.0,5,21,47	2375.0,5,17,45	2035.0,5,20,47	1970.0,5,21,47	2303.0,5,17,45	2331.0,5,17,45	2354.0,5,17,45	1979.0,5,21,47	2023.0,5,20,47	1706.0,5,23,49	1475.0,5,26,51	1301.0,5,27,52	1269.0,5,28,52	1298.0,5,28,52	1355.0,5,27,51	1321.0,5,27,52	1350.0,5,27,51	1320.0,5,27,52	1309.0,5,27,52	1342.0,5,27,52	1329.0,5,27,52	1312.0,5,27,52	1325.0,5,27,52	1328.0,5,27,52	1343.0,5,27,52	1372.0,5,27,51	1386.0,5,27,51	1379.0,5,27,51	1447.0,5,26,51	1375.0,5,27,51	1451.0,5,26,51	1410.0,5,26,51	1388.0,5,27,51	1399.0,5,27,51	1442.0,5,26,51	1543.0,5,25,50	1584.0,5,25,50	1639.0,5,24,50	1476.0,5,26,51	1513.0,5,25,50	1726.0,5,23,49	1742.0,5,23,49	1695.0,5,24,49	1519.0,5,25,50	1279.0,5,28,52	1184.0,5,29,53	1160.0,5,29,53	1024.0,5,30,54	913.0,4,31,54	890.0,4,32,55
1799.0,5,23,49	1787.0,5,23,49	1710.0,5,23,49	1798.0,5,23,49	1688.0,5,24,49	1707.0,5,23,49	1675.0,5,24,49	1848.0,5,22,48	1715.0,5,23,49	1801.0,5,22,48	2052.0,5,20,47	2237.0,5,18,46	1953.0,5,21,47	1917.0,5,21,48	2035.0,5,20,47	2484.0,5,16,44	2154.0,5,19,46	2076.0,5,20,47	2070.0,5,20,47	1846.0,5,22,48	1622.0,5,24,50	1324.0,5,27,52	1291.0,5,28,52	1300.0,5,27,52	1384.0,5,27,51	1309.0,5,27,52	1357.0,5,27,51	1344.0,5,27,52	1315.0,5,27,52	1346.0,5,27,52	1339.0,5,27,52	1310.0,5,27,52	1345.0,5,27,52	1355.0,5,27,51	1369.0,5,27,51	1382.0,5,27,51	1495.0,5,26,51	1417.0,5,26,51	1572.0,5,25,50	1442.0,5,26,51	1625.0,5,24,50	1611.0,5,24,50	1536.0,5,25,50	1468.0,5,26,51	1530.0,5,25,50	1538.0,5,25,50	1565.0,5,25,50	1615.0,5,24,50	1505.0,5,25,50	1472.0,5,26,51	1636.0,5,24,50	1634.0,5,24,50	1585.0,5,25,50	1480.0,5,26,51	1284.0,5,28,52	1213.0,5,28,52	1096.0,5,30,53	959.0,4,31,54	1026.0,5,30,54	961.0,4,31,54
1736.0,5,23,49	1781.0,5,23,49	1655.0,5,24,49	1751.0,5,23,49	1644.0,5,24,50	1696.0,5,24,49	1652.0,5,24,49	1729.0,5,23,49	1721.0,5,23,49	1800.0,5,22,48	1926.0,5,21,48	2313.0,5,17,45	2144.0,5,19,46	1958.0,5,21,47	2109.0,5,19,46	2416.0,5,16,44	2064.0,5,20,47	2042.0,5,20,47	1843.0,5,22,48	1764.0,5,23,49	1725.0,5,23,49	1413.0,5,26,51	1264.0,5,28,52	1298.0,5,28,52	1350.0,5,27,51	1336.0,5,27,52	1395.0,5,27,51	1372.0,5,27,51	1331.0,5,27,52	1346.0,5,27,52	1331.0,5,27,52	1336.0,5,27,52	1338.0,5,27,52	1364.0,5,27,51	1388.0,5,27,51	1544.0,5,25,50	1494.0,5,26,51	1470.0,5,26,51	1532.0,5,25,50	1599.0,5,25,50	1603.0,5,24,50	1811.0,5,22,48	1770.0,5,23,49	1653.0,5,24,49	1686.0,5,24,49	1577.0,5,25,50	1494.0,5,26,51	1546.0,5,25,50	1484.0,5,26,51	1458.0,5,26,51	1503.0,5,25,50	1491.0,5,26,51	1622.0,5,24,50	1367.0,5,27,51	1183.0,5,29,53	1108.0,5,29,53	1065.0,5,30,53	1120.0,5,29,53	1174.0,5,29,53	1042.0,5,30,54
1755.0,5,23,49	1833.0,5,22,48	1841.0,5,22,48	1639.0,5,24,50	1562.0,5,25,50	1622.0,5,24,50	1690.0,5,24,49	1675.0,5,24,49	1726.0,5,23,49	1900.0,5,21,48	2023.0,5,20,47	1928.0,5,21,48	1982.0,5,21,47	1932.0,5,21,48	2312.0,5,17,45	2259.0,5,18,45	1850.0,5,22,48	1746.0,5,23,49	1801.0,5,22,48	1601.0,5,24,50	1731.0,5,23,49	1719.0,5,23,49	1490.0,5,26,51	1257.0,5,28,52	1362.0,5,27,51	1335.0,5,27,52	1405.0,5,26,51	1399.0,5,27,51	1367.0,5,27,51	1359.0,5,27,51	1382.0,5,27,51	1371.0,5,27,51	1494.0,5,26,51	1542.0,5,25,50	1433.0,5,26,51	1465.0,5,26,51	1700.0,5,23,49	1790.0,5,23,49	1664.0,5,24,49	1740.0,5,23,49	1865.0,5,22,48	1983.0,5,21,47	1819.0,5,22,48	1758.0,5,23,49	1757.0,5,23,49	1645.0,5,24,50	1556.0,5,25,50	1548.0,5,25,50	1546.0,5,25,50	1476.0,5,26,51	1463.0,5,26,51	1488.0,5,26,51	1545.0,5,25,50	1455.0,5,26,51	1328.0,5,27,52	1167.0,5,29,53	1182.0,5,29,53	1323.0,5,27,52	1165.0,5,29,53	1262.0,5,28,52
1953.0,5,21,47	1952.0,5,21,47	1934.0,5,21,48	1908.0,5,21,48	1764.0,5,23,49	1610.0,5,24,50	1678.0,5,24,49	1636.0,5,24,50	1782.0,5,23,49	1946.0,5,21,48	1977.0,5,21,47	1846.0,5,22,48	1781.0,5,23,49	2089.0,5,20,47	2048.0,5,20,47	2163.0,5,19,46	2088.0,5,20,47	1843.0,5,22,48	1646.0,5,24,50	1692.0,5,24,49	1606.0,5,24,50	1503.0,5,25,50	1318.0,5,27,52	1305.0,5,27,52	1395.0,5,27,51	1361.0,5,27,51	1433.0,5,26,51	1424.0,5,26,51	1365.0,5,27,51	1354.0,5,27,51	1359.0,5,27,51	1383.0,5,27,51	1477.0,5,26,51	1714.0,5,23,49	1642.0,5,24,50	1525.0,5,25,50	1793.0,5,23,49	1945.0,5,21,48	1904.0,5,21,48	1903.0,5,21,48	1879.0,5,22,48	1730.0,5,23,49	1771.0,5,23,49	1744.0,5,23,49	1758.0,5,23,49	1655.0,5,24,49	1578.0,5,25,50	1708.0,5,23,49	1705.0,5,23,49	1556.0,5,25,50	1461.0,5,26,51	1462.0,5,26,51	1511.0,5,25,50	1506.0,5,25,50	1425.0,5,26,51	1315.0,5,27,52	1428.0,5,26,51	1290.0,5,28,52	1073.0,5,30,53	1100.0,5,29,53
2101.0,5,19,46	2158.0,5,19,46	2100.0,5,19,46	1941.0,5,21,48	1809.0,5,22,48	1767.0,5,23,49	1532.0,5,25,50	1730.0,5,23,49	1850.0,5,22,48	1917.0,5,21,48	2024.0,5,20,47	1778.0,5,23,49	1829.0,5,22,48	2029.0,5,20,47	2050.0,5,20,47	1951.0,5,21,47	2084.0,5,20,47	1989.0,5,21,47	1637.0,5,24,50	1680.0,5,24,49	1498.0,5,26,51	1559.0,5,25,50	1354.0,5,27,51	1280.0,5,28,52	1371.0,5,27,51	1385.0,5,27,51	1453.0,5,26,51	1440.0,5,26,51	1399.0,5,27,51	1489.0,5,26,51	1424.0,5,26,51	1438.0,5,26,51	1581.0,5,25,50	1488.0,5,26,51	1575.0,5,25,50	1711.0,5,23,49	1815.0,5,22,48	1961.0,5,21,47	1886.0,5,22,48	1773.0,5,23,49	1970.0,5,21,47	1841.0,5,22,48	1792.0,5,23,49	1630.0,5,24,50	1740.0,5,23,49	1765.0,5,23,49	1580.0,5,25,50	1678.0,5,24,49	1830.0,5,22,48	1631.0,5,24,50	1550.0,5,25,50	1454.0,5,26,51	1487.0,5,26,51	1520.0,5,25,50	1559.0,5,25,50	1557.0,5,25,50	1632.0,5,24,50	1300.0,5,27,52	1132.0,5,29,53	1013.0,5,30,54
2302.0,5,17,45	2164.0,5,19,46	2095.0,5,20,47	2123.0,5,19,46	1966.0,5,21,47	1711.0,5,23,49	1547.0,5,25,50	1643.0,5,24,50	1736.0,5,23,49	1944.0,5,21,48	1887.0,5,22,48	1868.0,5,22,48	1770.0,5,23,49	1842.0,5,22,48	1932.0,5,21,48	1823.0,5,22,48	2049.0,5,20,47	1756.0,5,23,49	1603.0,5,24,50	1569.0,5,25,50	1526.0,5,25,50	1518.0,5,25,50	1325.0,5,27,52	1262.0,5,28,52	1352.0,5,27,51	1378.0,5,27,51	1449.0,5,26,51	1457.0,5,26,51	1502.0,5,25,50	1422.0,5,26,51	1441.0,5,26,51	1417.0,5,26,51	1517.0,5,25,50	1468.0,5,26,51	1665.0,5,24,49	1716.0,5,23,49	2079.0,5,20,47	1933.0,5,21,48	1823.0,5,22,48	1839.0,5,22,48	1773.0,5,23,49	1909.0,5,21,48	1858.0,5,22,48	1616.0,5,24,50	1715.0,5,23,49	1733.0,5,23,49	1652.0,5,24,49	1629.0,5,24,50	1696.0,5,24,49	1738.0,5,23,49	1595.0,5,25,50	1453.0,5,26,51	1472.0,5,26,51	1526.0,5,25,50	1640.0,5,24,50	1691.0,5,24,49	1432.0,5,26,51	1193.0,5,29,53	1075.0,5,30,53	1063.0,5,30,53
2183.0,5,19,46	2163.0,5,19,46	2144.0,5,19,46	2051.0,5,20,47	1962.0,5,21,47	1804.0,5,22,48	1699.0,5,24,49	1533.0,5,25,50	1798.0,5,23,49	1823.0,5,22,48	1699.0,5,24,49	1721.0,5,23,49	2087.0,5,20,47	1901.0,5,21,48	1845.0,5,22,48	1752.0,5,23,49	1858.0,5,22,48	1748.0,5,23,49	1601.0,5,24,50	1612.0,5,24,50	1448.0,5,26,51	1397.0,5,27,51	1263.0,5,28,52	1302.0,5,27,52	1370.0,5,27,51	1445.0,5,26,51	1426.0,5,26,51	1461.0,5,26,51	1432.0,5,26,51	1414.0,5,26,51	1452.0,5,26,51	1471.0,5,26,51	1460.0,5,26,51	1612.0,5,24,50	1559.0,5,25,50	1818.0,5,22,48	2119.0,5,19,46	2053.0,5,20,47	1902.0,5,21,48	1712.0,5,23,49	1687.0,5,24,49	1727.0,5,23,49	1622.0,5,24,50	1611.0,5,24,50	1728.0,5,23,49	1651.0,5,24,49	1643.0,5,24,50	1498.0,5,26,51	1511.0,5,25,50	1527.0,5,25,50	1498.0,5,26,51	1494.0,5,26,51	1556.0,5,25,50	1520.0,5,25,50	1597.0,5,25,50	1535.0,5,25,50	1520.0,5,25,50	1258.0,5,28,52	1312.0,5,27,52	1118.0,5,29,53
2277.0,5,18,45	2184.0,5,19,46	2074.0,5,20,47	2091.0,5,20,47	1923.0,5,21,48	1946.0,5,21,48	1788.0,5,23,49	1532.0,5,25,50	1703.0,5,23,49	1538.0,5,25,50	1735.0,5,23,49	2011.0,5,20,47	2144.0,5,19,46	1872.0,5,22,48	1826.0,5,22,48	1687.0,5,24,49	1788.0,5,23,49	1953.0,5,21,47	1730.0,5,23,49	1541.0,5,25,50	1370.0,5,27,51	1323.0,5,27,52	1243.0,5,28,52	1379.0,5,27,51	1388.0,5,27,51	1447.0,5,26,51	1442.0,5,26,51	1469.0,5,26,51	1473.0,5,26,51	1424.0,5,26,51	1665.0,5,24,49	1663.0,5,24,49	1526.0,5,25,50	1532.0,5,25,50	1566.0,5,25,50	1757.0,5,23,49	2072.0,5,20,47	2020.0,5,20,47	1910.0,5,21,48	1792.0,5,23,49	1705.0,5,23,49	1633.0,5,24,50	1632.0,5,24,50	1561.0,5,25,50	1581.0,5,25,50	1622.0,5,24,50	1673.0,5,24,49	1511.0,5,25,50	1487.0,5,26,51	1474.0,5,26,51	1494.0,5,26,51	1586.0,5,25,50	1686.0,5,24,49	1518.0,5,25,50	1473.0,5,26,51	1532.0,5,25,50	1611.0,5,24,50	1416.0,5,26,51	1465.0,5,26,51	1327.0,5,27,52
2446.0,5,16,44	2339.0,5,17,45	2306.0,5,17,45	2223.0,5,18,46	2184.0,5,19,46	1965.0,5,21,47	1584.0,5,25,50	1642.0,5,24,50	1562.0,5,25,50	1563.0,5,25,50	1987.0,5,21,47	2020.0,5,20,47	1939.0,5,21,48	1994.0,5,21,47	1691.0,5,24,49	1730.0,5,23,49	1879.0,5,22,48	1828.0,5,22,48	1754.0,5,23,49	1552.0,5,25,50	1406.0,5,26,51	1268.0,5,28,52	1290.0,5,28,52	1304.0,5,27,52	1441.0,5,26,51	1430.0,5,26,51	1509.0,5,25,50	1506.0,5,25,50	1575.0,5,25,50	1478.0,5,26,51	1545.0,5,25,50	1833.0,5,22,48	1823.0,5,22,48	1593.0,5,25,50	1838.0,5,22,48	1756.0,5,23,49	2147.0,5,19,46	2055.0,5,20,47	1840.0,5,22,48	1837.0,5,22,48	2015.0,5,20,47	1757.0,5,23,49	1809.0,5,22,48	1635.0,5,24,50	1615.0,5,24,50	1535.0,5,25,50	1585.0,5,25,50	1493.0,5,26,51	1464.0,5,26,51	1472.0,5,26,51	1530.0,5,25,50	1526.0,5,25,50	1669.0,5,24,49	1524.0,5,25,50	1455.0,5,26,51	1587.0,5,25,50	1718.0,5,23,49	1667.0,5,24,49	1600.0,5,24,50	1560.0,5,25,50
2411.0,5,16,44	2319.0,5,17,45	2260.0,5,18,45	2324.0,5,17,45	2147.0,5,19,46	1844.0,5,22,48	1526.0,5,25,50	1524.0,5,25,50	1334.0,5,27,52	1347.0,5,27,52	1634.0,5,24,50	1648.0,5,24,50	1669.0,5,24,49	1938.0,5,21,48	1876.0,5,22,48	1726.0,5,23,49	1854.0,5,22,48	1877.0,5,22,48	1696.0,5,24,49	1562.0,5,25,50	1373.0,5,27,51	1228.0,5,28,52	1280.0,5,28,52	1438.0,5,26,51	1467.0,5,26,51	1480.0,5,26,51	1761.0,5,23,49	1601.0,5,24,50	1615.0,5,24,50	1627.0,5,24,50	1664.0,5,24,49	1658.0,5,24,49	1963.0,5,21,47	1727.0,5,23,49	2004.0,5,20,47	2005.0,5,20,47	2161.0,5,19,46	2035.0,5,20,47	1945.0,5,21,48	2052.0,5,20,47	1921.0,5,21,48	1994.0,5,21,47	1797.0,5,23,49	1933.0,5,21,48	1730.0,5,23,49	1638.0,5,24,50	1528.0,5,25,50	1543.0,5,25,50	1506.0,5,25,50	1452.0,5,26,51	1448.0,5,26,51	1491.0,5,26,51	1511.0,5,25,50	1496.0,5,26,51	1482.0,5,26,51	1522.0,5,25,50	1693.0,5,24,49	1607.0,5,24,50	1748.0,5,23,49	1668.0,5,24,49
1949.0,5,21,48	1820.0,5,22,48	1859.0,5,22,48	2315.0,5,17,45	2143.0,5,19,46	2032.0,5,20,47	1766.0,5,23,49	1436.0,5,26,51	1357.0,5,27,51	1370.0,5,27,51	1330.0,5,27,52	1273.0,5,28,52	1393.0,5,27,51	1510.0,5,25,50	1525.0,5,25,50	1696.0,5,24,49	1872.0,5,22,48	1888.0,5,22,48	1542.0,5,25,50	1373.0,5,27,51	1223.0,5,28,52	1598.0,5,25,50	1496.0,5,26,51	1460.0,5,26,51	1560.0,5,25,50	1491.0,5,26,51	1498.0,5,26,51	1518.0,5,25,50	1540.0,5,25,50	1682.0,5,24,49	1596.0,5,25,50	1659.0,5,24,49	1791.0,5,23,49	1926.0,5,21,48	2185.0,5,19,46	2583.0,5,15,43	2522.0,5,15,44	2461.0,5,16,44	2407.0,5,16,44	2216.0,5,18,46	2069.0,5,20,47	2092.0,5,20,47	1956.0,5,21,47	1831.0,5,22,48	1906.0,5,21,48	1634.0,5,24,50	1529.0,5,25,50	1482.0,5,26,51	1552.0,5,25,50	1532.0,5,25,50	1472.0,5,26,51	1420.0,5,26,51	1481.0,5,26,51	1433.0,5,26,51	1455.0,5,26,51	1486.0,5,26,51	1481.0,5,26,51	1637.0,5,24,50	1553.0,5,25,50	1422.0,5,26,51
1598.0,5,25,50	1541.0,5,25,50	1757.0,5,23,49	2035.0,5,20,47	2113.0,5,19,46	1947.0,5,21,48	1997.0,5,21,47	1788.0,5,23,49	1836.0,5,22,48	1612.0,5,24,50	1624.0,5,24,50	1402.0,5,26,51	1200.0,5,28,52	1435.0,5,26,51	1264.0,5,28,52	1622.0,5,24,50	1855.0,5,22,48	1461.0,5,26,51	1123.0,5,29,53	1296.0,5,28,52	1499.0,5,26,51	1817.0,5,22,48	1715.0,5,23,49	1590.0,5,25,50	1568.0,5,25,50	1542.0,5,25,50	1551.0,5,25,50	1535.0,5,25,50	1537.0,5,25,50	1588.0,5,25,50	1675.0,5,24,49	1837.0,5,22,48	1825.0,5,22,48	2093.0,5,20,47	2245.0,5,18,46	2478.0,5,16,44	2608.0,5,14,43	2511.0,5,15,44	2171.0,5,19,46	2157.0,5,19,46	2022.0,5,20,47	1808.0,5,22,48	1760.0,5,23,49	1863.0,5,22,48	1614.0,5,24,50	1566.0,5,25,50	1546.0,5,25,50	1582.0,5,25,50	1739.0,5,23,49	1757.0,5,23,49	1582.0,5,25,50	1462.0,5,26,51	1446.0,5,26,51	1515.0,5,25,50	1483.0,5,26,51	1510.0,5,25,50	1561.0,5,25,50	1642.0,5,24,50	1675.0,5,24,49	1354.0,5,27,51
1269.0,5,28,52	1314.0,5,27,52	1733.0,5,23,49	1687.0,5,24,49	1735.0,5,23,49	1621.0,5,24,50	1881.0,5,22,48	1987.0,5,21,47	2042.0,5,20,47	1932.0,5,21,48	1693.0,5,24,49	1624.0,5,24,50	1208.0,5,28,52	1321.0,5,27,52	1424.0,5,26,51	1528.0,5,25,50	1602.0,5,24,50	1467.0,5,26,51	1161.0,5,29,53	1366.0,5,27,51	1745.0,5,23,49	2059.0,5,20,47	1847.0,5,22,48	1791.0,5,23,49	1635.0,5,24,50	1630.0,5,24,50	1630.0,5,24,50	1699.0,5,24,49	1746.0,5,23,49	1675.0,5,24,49	1735.0,5,23,49	1826.0,5,22,48	2163.0,5,19,46	2189.0,5,19,46	2410.0,5,16,44	2241.0,5,18,46	2301.0,5,17,45	2158.0,5,19,46	2156.0,5,19,46	2005.0,5,20,47	1917.0,5,21,48	1899.0,5,22,48	2055.0,5,20,47	1699.0,5,24,49	1725.0,5,23,49	1771.0,5,23,49	1737.0,5,23,49	1728.0,5,23,49	1601.0,5,24,50	1641.0,5,24,50	1567.0,5,25,50	1541.0,5,25,50	1444.0,5,26,51	1416.0,5,26,51	1403.0,5,26,51	1480.0,5,26,51	1587.0,5,25,50	1583.0,5,25,50	1550.0,5,25,50	1435.0,5,26,51
1323.0,5,27,52	1160.0,5,29,53	1583.0,5,25,50	1411.0,5,26,51	1471.0,5,26,51	1401.0,5,26,51	1706.0,5,23,49	1859.0,5,22,48	2194.0,5,19,46	2070.0,5,20,47	2002.0,5,20,47	1831.0,5,22,48	1576.0,5,25,50	1255.0,5,28,52	1153.0,5,29,53	1377.0,5,27,51	1597.0,5,25,50	1283.0,5,28,52	1292.0,5,28,52	1589.0,5,25,50	1828.0,5,22,48	1898.0,5,22,48	1927.0,5,21,48	1807.0,5,22,48	1888.0,5,22,48	1764.0,5,23,49	1714.0,5,23,49	1792.0,5,23,49	1793.0,5,23,49	1771.0,5,23,49	1849.0,5,22,48	1979.0,5,21,47	2105.0,5,19,46	1976.0,5,21,47	2109.0,5,19,46	2312.0,5,17,45	2307.0,5,17,45	2211.0,5,18,46	2144.0,5,19,46	2203.0,5,18,46	2223.0,5,18,46	2173.0,5,19,46	1920.0,5,21,48	1918.0,5,21,48	2136.0,5,19,46	1818.0,5,22,48	1801.0,5,22,48	1728.0,5,23,49	1699.0,5,24,49	1603.0,5,24,50	1557.0,5,25,50	1543.0,5,25,50	1474.0,5,26,51	1417.0,5,26,51	1341.0,5,27,52	1533.0,5,25,50	1560.0,5,25,50	1617.0,5,24,50	1500.0,5,25,50	1683.0,5,24,49
1119.0,5,29,53	1093.0,5,30,53	1214.0,5,28,52	1093.0,5,30,53	1119.0,5,29,53	1179.0,5,29,53	1355.0,5,27,51	1622.0,5,24,50	1995.0,5,21,47	2079.0,5,20,47	2242.0,5,18,46	2248.0,5,18,46	2021.0,5,20,47	1869.0,5,22,48	1688.0,5,24,49	1216.0,5,28,52	1197.0,5,29,53	1206.0,5,28,52	1278.0,5,28,52	1503.0,5,25,50	1932.0,5,21,48	2021.0,5,20,47	2181.0,5,19,46	1884.0,5,22,48	2053.0,5,20,47	1905.0,5,21,48	1773.0,5,23,49	1792.0,5,23,49	1803.0,5,22,48	1777.0,5,23,49	1761.0,5,23,49	1782.0,5,23,49	1806.0,5,22,48	1857.0,5,22,48	2001.0,5,20,47	2311.0,5,17,45	2587.0,5,15,43	2471.0,5,16,44	2376.0,5,17,45	2531.0,5,15,44	2676.0,5,14,43	2320.0,5,17,45	2142.0,5,19,46	2350.0,5,17,45	2025.0,5,20,47	2124.0,5,19,46	1917.0,5,21,48	1819.0,5,22,48	1618.0,5,24,50	1698.0,5,24,49	1709.0,5,23,49	1692.0,5,24,49	1614.0,5,24,50	1528.0,5,25,50	1313.0,5,27,52	1432.0,5,26,51	1547.0,5,25,50	1475.0,5,26,51	1499.0,5,26,51	1657.0,5,24,49
1097.0,5,30,53	1106.0,5,29,53	1013.0,5,30,54	1113.0,5,29,53	1183.0,5,29,53	1498.0,5,26,51	1635.0,5,24,50	1734.0,5,23,49	1980.0,5,21,47	1949.0,5,21,48	1968.0,5,21,47	2126.0,5,19,46	1938.0,5,21,48	1562.0,5,25,50	1333.0,5,27,52	1126.0,5,29,53	1246.0,5,28,52	1614.0,5,24,50	1751.0,5,23,49	1671.0,5,24,49	1784.0,5,23,49	2296.0,5,18,45	2307.0,5,17,45	2118.0,5,19,46	2201.0,5,18,46	2051.0,5,20,47	2035.0,5,20,47	2058.0,5,20,47	2074.0,5,20,47	2008.0,5,20,47	1999.0,5,21,47	2002.0,5,20,47	2077.0,5,20,47	2113.0,5,19,46	2121.0,5,19,46	2299.0,5,18,45	2399.0,5,17,45	2266.0,5,18,45	2505.0,5,15,44	2625.0,5,14,43	2793.0,5,13,42	2489.0,5,16,44	2465.0,5,16,44	2398.0,5,17,45	2382.0,5,17,45	2317.0,5,17,45	1950.0,5,21,47	1713.0,5,23,49	1756.0,5,23,49	1959.0,5,21,47	1937.0,5,21,48	1825.0,5,22,48	1467.0,5,26,51	1735.0,5,23,49	1441.0,5,26,51	1470.0,5,26,51	1344.0,5,27,52	1437.0,5,26,51	1542.0,5,25,50	1609.0,5,24,50
994.0,4,31,54	974.0,4,31,54	1215.0,5,28,52	1314.0,5,27,52	1276.0,5,28,52	1293.0,5,28,52	1401.0,5,26,51	1502.0,5,25,50	1994.0,5,21,47	1951.0,5,21,47	1979.0,5,21,47	1901.0,5,21,48	1803.0,5,22,48	1658.0,5,24,49	1493.0,5,26,51	1295.0,5,28,52	1018.0,5,30,54	1089.0,5,30,53	1458.0,5,26,51	1578.0,5,25,50	1876.0,5,22,48	1990.0,5,21,47	2202.0,5,18,46	2003.0,5,20,47	1966.0,5,21,47	1929.0,5,21,48	1973.0,5,21,47	1827.0,5,22,48	1778.0,5,23,49	1793.0,5,23,49	1856.0,5,22,48	1929.0,5,21,48	2109.0,5,19,46	1931.0,5,21,48	2010.0,5,20,47	2187.0,5,19,46	2137.0,5,19,46	2241.0,5,18,46	2513.0,5,15,44	2428.0,5,16,44	2756.0,5,13,42	2747.0,5,13,42	2517.0,5,15,44	2276.0,5,18,45	2330.0,5,17,45	2287.0,5,18,45	1916.0,5,21,48	1878.0,5,22,48	1900.0,5,21,48	1690.0,5,24,49	1652.0,5,24,49	1562.0,5,25,50	1612.0,5,24,50	1618.0,5,24,50	1666.0,5,24,49	1624.0,5,24,50	1450.0,5,26,51	1334.0,5,27,52	1451.0,5,26,51	1664.0,5,24,49
869.0,4,32,55	1080.0,5,30,53	1263.0,5,28,52	1408.0,5,26,51	1485.0,5,26,51	1630.0,5,24,50	1603.0,5,24,50	1697.0,5,24,49	1832.0,5,22,48	2044.0,5,20,47	1788.0,5,23,49	1724.0,5,23,49	1843.0,5,22,48	1747.0,5,23,49	1748.0,5,23,49	1446.0,5,26,51	1491.0,5,26,51	1096.0,5,30,53	1121.0,5,29,53	1482.0,5,26,51	1861.0,5,22,48	2003.0,5,20,47	1861.0,5,22,48	1863.0,5,22,48	1786.0,5,23,49	1713.0,5,23,49	1781.0,5,23,49	1740.0,5,23,49	1472.0,5,26,51	1504.0,5,25,50	1585.0,5,25,50	1634.0,5,24,50	1672.0,5,24,49	1967.0,5,21,47	2184.0,5,19,46	2099.0,5,20,47	2024.0,5,20,47	2219.0,5,18,46	2366.0,5,17,45	2502.0,5,15,44	2653.0,5,14,43	2532.0,5,15,44	2426.0,5,16,44	2182.0,5,19,46	2156.0,5,19,46	1961.0,5,21,47	1854.0,5,22,48	1814.0,5,22,48	1914.0,5,21,48	1734.0,5,23,49	1598.0,5,25,50	1635.0,5,24,50	1789.0,5,23,49	1558.0,5,25,50	1909.0,5,21,48	1771.0,5,23,49	1346.0,5,27,52	1273.0,5,28,52	1175.0,5,29,53	1461.0,5,26,51
1121.0,5,29,53	1478.0,5,26,51	1474.0,5,26,51	1577.0,5,25,50	1565.0,5,25,50	1855.0,5,22,48	2144.0,5,19,46	2193.0,5,19,46	1871.0,5,22,48	2016.0,5,20,47	1964.0,5,21,47	1857.0,5,22,48	1361.0,5,27,51	1211.0,5,28,52	1351.0,5,27,51	1193.0,5,29,53	1218.0,5,28,52	909.0,4,31,54	1200.0,5,28,52	1410.0,5,26,51	1498.0,5,26,51	2078.0,5,20,47	1850.0,5,22,48	1729.0,5,23,49	1429.0,5,26,51	1578.0,5,25,50	1317.0,5,27,52	1467.0,5,26,51	1795.0,5,23,49	1780.0,5,23,49	1968.0,5,21,47	2045.0,5,20,47	2157.0,5,19,46	2033.0,5,20,47	1890.0,5,22,48	1878.0,5,22,48	1961.0,5,21,47	2039.0,5,20,47	2154.0,5,19,46	2346.0,5,17,45	2559.0,5,15,43	2432.0,5,16,44	2252.0,5,18,45	2245.0,5,18,46	2073.0,5,20,47	2070.0,5,20,47	1967.0,5,21,47	1858.0,5,22,48	1708.0,5,23,49	1762.0,5,23,49	1937.0,5,21,48	1921.0,5,21,48	1641.0,5,24,50	1837.0,5,22,48	1681.0,5,24,49	1479.0,5,26,51	1423.0,5,26,51	1494.0,5,26,51	1206.0,5,28,52	1133.0,5,29,53
1345.0,5,27,52	1601.0,5,24,50	1911.0,5,21,48	1965.0,5,21,47	1803.0,5,22,48	2024.0,5,20,47	2306.0,5,17,45	2437.0,5,16,44	2219.0,5,18,46	2067.0,5,20,47	1741.0,5,23,49	1499.0,5,26,51	1385.0,5,27,51	1230.0,5,28,52	1012.0,5,30,54	1097.0,5,30,53	1028.0,5,30,54	1126.0,5,29,53	1494.0,5,26,51	1772.0,5,23,49	1877.0,5,22,48	1945.0,5,21,48	1834.0,5,22,48	1466.0,5,26,51	1338.0,5,27,52	1255.0,5,28,52	1588.0,5,25,50	1698.0,5,24,49	1731.0,5,23,49	1767.0,5,23,49	1846.0,5,22,48	1883.0,5,22,48	2032.0,5,20,47	1773.0,5,23,49	2139.0,5,19,46	2168.0,5,19,46	2253.0,5,18,45	2352.0,5,17,45	2310.0,5,17,45	2534.0,5,15,44	2546.0,5,15,44	2680.0,5,14,43	2601.0,5,14,43	2409.0,5,16,44	2064.0,5,20,47	2040.0,5,20,47	2051.0,5,20,47	2004.0,5,20,47	1925.0,5,21,48	1832.0,5,22,48	2123.0,5,19,46	1964.0,5,21,47	1853.0,5,22,48	1797.0,5,23,49	1670.0,5,24,49	1428.0,5,26,51	1562.0,5,25,50	1553.0,5,25,50	1359.0,5,27,51	1076.0,5,30,53
1571.0,5,25,50	1527.0,5,25,50	1684.0,5,24,49	1957.0,5,21,47	1897.0,5,22,48	1864.0,5,22,48	2030.0,5,20,47	2160.0,5,19,46	2283.0,5,18,45	2187.0,5,19,46	1978.0,5,21,47	1704.0,5,23,49	1603.0,5,24,50	1562.0,5,25,50	1261.0,5,28,52	950.0,4,31,54	905.0,4,31,54	1008.0,5,30,54	1114.0,5,29,53	1243.0,5,28,52	1601.0,5,24,50	1734.0,5,23,49	1697.0,5,24,49	1680.0,5,24,49	1214.0,5,28,52	1306.0,5,27,52	1750.0,5,23,49	1736.0,5,23,49	1453.0,5,26,51	1518.0,5,25,50	1507.0,5,25,50	1643.0,5,24,50	1749.0,5,23,49	1721.0,5,23,49	1901.0,5,21,48	1820.0,5,22,48	2066.0,5,20,47	2378.0,5,17,45	2334.0,5,17,45	2395.0,5,17,45	2047.0,5,20,47	2385.0,5,17,45	2077.0,5,20,47	2274.0,5,18,45	2198.0,5,19,46	2280.0,5,18,45	2178.0,5,19,46	2234.0,5,18,46	1890.0,5,22,48	2071.0,5,20,47	2052.0,5,20,47	1876.0,5,22,48	1739.0,5,23,49	1620.0,5,24,50	1598.0,5,25,50	1766.0,5,23,49	1493.0,5,26,51	1264.0,5,28,52	1177.0,5,29,53	1136.0,5,29,53
1246.0,5,28,52	1234.0,5,28,52	1442.0,5,26,51	1476.0,5,26,51	1549.0,5,25,50	1534.0,5,25,50	1608.0,5,24,50	1730.0,5,23,49	1733.0,5,23,49	1957.0,5,21,47	2177.0,5,19,46	1986.0,5,21,47	1904.0,5,21,48	1553.0,5,25,50	1359.0,5,27,51	1205.0,5,28,52	802.0,4,32,55	977.0,4,31,54	910.0,4,31,54	1015.0,5,30,54	1377.0,5,27,51	1384.0,5,27,51	1352.0,5,27,51	1227.0,5,28,52	1307.0,5,27,52	1365.0,5,27,51	1362.0,5,27,51	1403.0,5,26,51	1205.0,5,28,52	1462.0,5,26,51	1419.0,5,26,51	1511.0,5,25,50	1566.0,5,25,50	1671.0,5,24,49	1766.0,5,23,49	1820.0,5,22,48	1901.0,5,21,48	2014.0,5,20,47	2276.0,5,18,45	2091.0,5,20,47	1728.0,5,23,49	1978.0,5,21,47	1793.0,5,23,49	2391.0,5,17,45	2411.0,5,16,44	2367.0,5,17,45	2458.0,5,16,44	2370.0,5,17,45	2038.0,5,20,47	2316.0,5,17,45	2059.0,5,20,47	2027.0,5,20,47	2167.0,5,19,46	1857.0,5,22,48	1869.0,5,22,48	1545.0,5,25,50	1403.0,5,26,51	1395.0,5,27,51	1282.0,5,28,52	1198.0,5,29,53
-data:
