radius:10.0
size:100^70
path:/Users/arthurconner/code/HowGen/maui.txt
+data:
0.0,3,40,60	0.0,3,40,60	0.0,3,40,60	0.0,3,40,60	0.0,3,40,60	0.0,3,40,60	0.0,3,40,60	0.0,3,40,60	0.0,3,40,60	0.0,3,40,60	0.0,3,40,60	0.0,3,40,60	0.0,3,40,60	0.0,3,40,60	0.0,3,40,60	0.0,3,40,60	0.0,3,40,60	0.0,3,40,60	0.0,3,40,60	0.0,3,40,60	0.0,3,40,60	0.0,3,40,60	0.0,3,40,60	0.0,3,40,60	0.0,3,40,60	0.0,3,40,60	0.0,3,40,60	0.0,3,40,60	0.0,3,40,60	0.0,3,40,60	0.0,3,40,60	0.0,3,40,60	0.0,3,40,60	0.0,3,40,60	0.0,3,40,60	0.0,3,40,60	0.0,3,40,60	0.0,3,40,60	0.0,3,40,60	0.0,3,40,60	0.0,3,40,60	0.0,3,40,60	0.0,3,40,60	0.0,3,40,60	0.0,3,40,60	0.0,3,40,60	0.0,3,40,60	0.0,3,40,60	0.0,3,40,60	0.0,3,40,60	0.0,3,40,60	0.0,3,40,60	0.0,3,40,60	0.0,3,40,60	0.0,3,40,60	0.0,3,40,60	0.0,3,40,60	0.0,3,40,60	0.0,3,40,60	0.0,3,40,60	0.0,3,40,60	0.0,3,40,60	0.0,3,40,60	0.0,3,40,60	0.0,3,40,60	0.0,3,40,60	0.0,3,40,60	0.0,3,40,60	0.0,3,40,60	0.0,3,40,60
0.0,3,40,60	0.0,3,40,60	0.0,3,40,60	0.0,3,40,60	0.0,3,40,60	0.0,3,40,60	0.0,3,40,60	0.0,3,40,60	0.0,3,40,60	0.0,3,40,60	0.0,3,40,60	0.0,3,40,60	0.0,3,40,60	0.0,3,40,60	0.0,3,40,60	0.0,3,40,60	0.0,3,40,60	0.0,3,40,60	0.0,3,40,60	0.0,3,40,60	0.0,3,40,60	0.0,3,40,60	0.0,3,40,60	0.0,3,40,60	0.0,3,40,60	0.0,3,40,60	0.0,3,40,60	0.0,3,40,60	0.0,3,40,60	0.0,3,40,60	0.0,3,40,60	0.0,3,40,60	0.0,3,40,60	0.0,3,40,60	0.0,3,40,60	0.0,3,40,60	0.0,3,40,60	0.0,3,40,60	0.0,3,40,60	0.0,3,40,60	0.0,3,40,60	0.0,3,40,60	0.0,3,40,60	0.0,3,40,60	0.0,3,40,60	0.0,3,40,60	0.0,3,40,60	0.0,3,40,60	0.0,3,40,60	0.0,3,40,60	0.0,3,40,60	0.0,3,40,60	0.0,3,40,60	0.0,3,40,60	0.0,3,40,60	0.0,3,40,60	0.0,3,40,60	0.0,3,40,60	0.0,3,40,60	0.0,3,40,60	0.0,3,40,60	0.0,3,40,60	0.0,3,40,60	0.0,3,40,60	0.0,3,40,60	0.0,3,40,60	0.0,3,40,60	0.0,3,40,60	0.0,3,40,60	0.0,3,40,60
0.0,3,40,60	0.0,3,40,60	0.0,3,40,60	0.0,3,40,60	0.0,3,40,60	0.0,3,40,60	0.0,3,40,60	0.0,3,40,60	0.0,3,40,60	0.0,3,40,60	0.0,3,40,60	0.0,3,40,60	0.0,3,40,60	0.0,3,40,60	0.0,3,40,60	0.0,3,40,60	0.0,3,40,60	0.0,3,40,60	0.0,3,40,60	0.0,3,40,60	0.0,3,40,60	0.0,3,40,60	0.0,3,40,60	0.0,3,40,60	0.0,3,40,60	0.0,3,40,60	0.0,3,40,60	0.0,3,40,60	0.0,3,40,60	0.0,3,40,60	0.0,3,40,60	0.0,3,40,60	0.0,3,40,60	0.0,3,40,60	0.0,3,40,60	0.0,3,40,60	0.0,3,40,60	0.0,3,40,60	0.0,3,40,60	0.0,3,40,60	0.0,3,40,60	0.0,3,40,60	0.0,3,40,60	0.0,3,40,60	0.0,3,40,60	0.0,3,40,60	0.0,3,40,60	0.0,3,40,60	0.0,3,40,60	0.0,3,40,60	0.0,3,40,60	0.0,3,40,60	0.0,3,40,60	0.0,3,40,60	0.0,3,40,60	0.0,3,40,60	0.0,3,40,60	0.0,3,40,60	0.0,3,40,60	0.0,3,40,60	0.0,3,40,60	0.0,3,40,60	0.0,3,40,60	0.0,3,40,60	0.0,3,40,60	0.0,3,40,60	0.0,3,40,60	0.0,3,40,60	0.0,3,40,60	0.0,3,40,60
0.0,3,40,60	0.0,3,40,60	0.0,3,40,60	0.0,3,40,60	0.0,3,40,60	0.0,3,40,60	0.0,3,40,60	0.0,3,40,60	0.0,3,40,60	0.0,3,40,60	0.0,3,40,60	0.0,3,40,60	0.0,3,40,60	0.0,3,40,60	0.0,3,40,60	0.0,3,40,60	0.0,3,40,60	0.0,3,40,60	0.0,3,40,60	0.0,3,40,60	0.0,3,40,60	0.0,3,40,60	0.0,3,40,60	0.0,3,40,60	0.0,3,40,60	0.0,3,40,60	0.0,3,40,60	0.0,3,40,60	0.0,3,40,60	0.0,3,40,60	0.0,3,40,60	0.0,3,40,60	0.0,3,40,60	0.0,3,40,60	0.0,3,40,60	0.0,3,40,60	0.0,3,40,60	0.0,3,40,60	0.0,3,40,60	0.0,3,40,60	0.0,3,40,60	0.0,3,40,60	0.0,3,40,60	0.0,3,40,60	0.0,3,40,60	0.0,3,40,60	0.0,3,40,60	0.0,3,40,60	0.0,3,40,60	0.0,3,40,60	0.0,3,40,60	0.0,3,40,60	0.0,3,40,60	0.0,3,40,60	0.0,3,40,60	0.0,3,40,60	0.0,3,40,60	0.0,3,40,60	0.0,3,40,60	0.0,3,40,60	0.0,3,40,60	0.0,3,40,60	0.0,3,40,60	0.0,3,40,60	0.0,3,40,60	0.0,3,40,60	0.0,3,40,60	0.0,3,40,60	0.0,3,40,60	0.0,3,40,60
0.0,3,40,60	0.0,3,40,60	0.0,3,40,60	0.0,3,40,60	0.0,3,40,60	0.0,3,40,60	0.0,3,40,60	0.0,3,40,60	0.0,3,40,60	33.0,3,40,60	0.0,3,40,60	0.0,3,40,60	0.0,3,40,60	0.0,3,40,60	0.0,3,40,60	0.0,3,40,60	0.0,3,40,60	0.0,3,40,60	0.0,3,40,60	0.0,3,40,60	0.0,3,40,60	0.0,3,40,60	0.0,3,40,60	0.0,3,40,60	0.0,3,40,60	0.0,3,40,60	0.0,3,40,60	0.0,3,40,60	0.0,3,40,60	0.0,3,40,60	0.0,3,40,60	0.0,3,40,60	0.0,3,40,60	0.0,3,40,60	0.0,3,40,60	0.0,3,40,60	0.0,3,40,60	0.0,3,40,60	0.0,3,40,60	0.0,3,40,60	0.0,3,40,60	0.0,3,40,60	0.0,3,40,60	0.0,3,40,60	0.0,3,40,60	0.0,3,40,60	0.0,3,40,60	0.0,3,40,60	0.0,3,40,60	0.0,3,40,60	0.0,3,40,60	0.0,3,40,60	0.0,3,40,60	0.0,3,40,60	0.0,3,40,60	0.0,3,40,60	0.0,3,40,60	0.0,3,40,60	0.0,3,40,60	0.0,3,40,60	0.0,3,40,60	0.0,3,40,60	0.0,3,40,60	0.0,3,40,60	0.0,3,40,60	0.0,3,40,60	0.0,3,40,60	0.0,3,40,60	0.0,3,40,60	0.0,3,40,60
0.0,3,40,60	0.0,3,40,60	0.0,3,40,60	0.0,3,40,60	0.0,3,40,60	0.0,3,40,60	23.0,3,40,60	0.0,3,40,60	0.0,3,40,60	112.0,3,39,60	70.0,3,40,60	0.0,3,40,60	0.0,3,40,60	0.0,3,40,60	0.0,3,40,60	0.0,3,40,60	0.0,3,40,60	0.0,3,40,60	0.0,3,40,60	0.0,3,40,60	0.0,3,40,60	0.0,3,40,60	0.0,3,40,60	0.0,3,40,60	0.0,3,40,60	0.0,3,40,60	0.0,3,40,60	0.0,3,40,60	0.0,3,40,60	0.0,3,40,60	0.0,3,40,60	0.0,3,40,60	0.0,3,40,60	0.0,3,40,60	0.0,3,40,60	0.0,3,40,60	0.0,3,40,60	0.0,3,40,60	0.0,3,40,60	0.0,3,40,60	0.0,3,40,60	0.0,3,40,60	0.0,3,40,60	0.0,3,40,60	0.0,3,40,60	0.0,3,40,60	0.0,3,40,60	0.0,3,40,60	0.0,3,40,60	0.0,3,40,60	0.0,3,40,60	0.0,3,40,60	0.0,3,40,60	0.0,3,40,60	0.0,3,40,60	0.0,3,40,60	0.0,3,40,60	0.0,3,40,60	0.0,3,40,60	0.0,3,40,60	0.0,3,40,60	0.0,3,40,60	0.0,3,40,60	0.0,3,40,60	0.0,3,40,60	0.0,3,40,60	0.0,3,40,60	0.0,3,40,60	0.0,3,40,60	0.0,3,40,60
0.0,3,40,60	0.0,3,40,60	0.0,3,40,60	0.0,3,40,60	0.0,3,40,60	0.0,3,40,60	52.0,3,40,60	47.0,3,40,60	107.0,3,39,60	131.0,3,39,60	27.0,3,40,60	0.0,3,40,60	0.0,3,40,60	0.0,3,40,60	0.0,3,40,60	0.0,3,40,60	0.0,3,40,60	0.0,3,40,60	0.0,3,40,60	0.0,3,40,60	0.0,3,40,60	0.0,3,40,60	0.0,3,40,60	0.0,3,40,60	0.0,3,40,60	0.0,3,40,60	0.0,3,40,60	0.0,3,40,60	0.0,3,40,60	0.0,3,40,60	0.0,3,40,60	0.0,3,40,60	0.0,3,40,60	0.0,3,40,60	0.0,3,40,60	0.0,3,40,60	0.0,3,40,60	0.0,3,40,60	0.0,3,40,60	0.0,3,40,60	0.0,3,40,60	0.0,3,40,60	0.0,3,40,60	0.0,3,40,60	0.0,3,40,60	0.0,3,40,60	0.0,3,40,60	0.0,3,40,60	0.0,3,40,60	0.0,3,40,60	0.0,3,40,60	0.0,3,40,60	0.0,3,40,60	0.0,3,40,60	0.0,3,40,60	0.0,3,40,60	0.0,3,40,60	0.0,3,40,60	0.0,3,40,60	0.0,3,40,60	0.0,3,40,60	0.0,3,40,60	0.0,3,40,60	0.0,3,40,60	0.0,3,40,60	0.0,3,40,60	0.0,3,40,60	0.0,3,40,60	0.0,3,40,60	0.0,3,40,60
0.0,3,40,60	0.0,3,40,60	0.0,3,40,60	0.0,3,40,60	0.0,3,40,60	0.0,3,40,60	80.0,3,40,60	54.0,3,40,60	93.0,3,40,60	148.0,3,39,60	75.0,3,40,60	29.0,3,40,60	39.0,3,40,60	0.0,3,40,60	0.0,3,40,60	0.0,3,40,60	0.0,3,40,60	0.0,3,40,60	0.0,3,40,60	0.0,3,40,60	0.0,3,40,60	0.0,3,40,60	0.0,3,40,60	0.0,3,40,60	0.0,3,40,60	0.0,3,40,60	0.0,3,40,60	0.0,3,40,60	0.0,3,40,60	0.0,3,40,60	0.0,3,40,60	0.0,3,40,60	0.0,3,40,60	0.0,3,40,60	0.0,3,40,60	0.0,3,40,60	0.0,3,40,60	0.0,3,40,60	0.0,3,40,60	0.0,3,40,60	0.0,3,40,60	0.0,3,40,60	0.0,3,40,60	0.0,3,40,60	0.0,3,40,60	0.0,3,40,60	0.0,3,40,60	0.0,3,40,60	0.0,3,40,60	0.0,3,40,60	0.0,3,40,60	0.0,3,40,60	0.0,3,40,60	0.0,3,40,60	0.0,3,40,60	0.0,3,40,60	0.0,3,40,60	0.0,3,40,60	0.0,3,40,60	0.0,3,40,60	0.0,3,40,60	0.0,3,40,60	0.0,3,40,60	0.0,3,40,60	0.0,3,40,60	0.0,3,40,60	0.0,3,40,60	0.0,3,40,60	0.0,3,40,60	0.0,3,40,60
0.0,3,40,60	0.0,3,40,60	0.0,3,40,60	0.0,3,40,60	0.0,3,40,60	25.0,3,40,60	68.0,3,40,60	101.0,3,39,60	166.0,3,39,59	173.0,3,39,59	120.0,3,39,60	101.0,3,39,60	73.0,3,40,60	34.0,3,40,60	0.0,3,40,60	0.0,3,40,60	0.0,3,40,60	0.0,3,40,60	0.0,3,40,60	0.0,3,40,60	0.0,3,40,60	0.0,3,40,60	0.0,3,40,60	0.0,3,40,60	0.0,3,40,60	0.0,3,40,60	0.0,3,40,60	0.0,3,40,60	0.0,3,40,60	0.0,3,40,60	0.0,3,40,60	0.0,3,40,60	0.0,3,40,60	0.0,3,40,60	0.0,3,40,60	0.0,3,40,60	0.0,3,40,60	0.0,3,40,60	0.0,3,40,60	0.0,3,40,60	0.0,3,40,60	0.0,3,40,60	0.0,3,40,60	0.0,3,40,60	0.0,3,40,60	0.0,3,40,60	0.0,3,40,60	0.0,3,40,60	0.0,3,40,60	0.0,3,40,60	0.0,3,40,60	0.0,3,40,60	0.0,3,40,60	0.0,3,40,60	0.0,3,40,60	0.0,3,40,60	0.0,3,40,60	0.0,3,40,60	0.0,3,40,60	0.0,3,40,60	0.0,3,40,60	0.0,3,40,60	0.0,3,40,60	0.0,3,40,60	0.0,3,40,60	0.0,3,40,60	0.0,3,40,60	0.0,3,40,60	0.0,3,40,60	0.0,3,40,60
0.0,3,40,60	0.0,3,40,60	0.0,3,40,60	0.0,3,40,60	3.0,3,40,60	39.0,3,40,60	105.0,3,39,60	132.0,3,39,60	205.0,3,38,59	174.0,3,39,59	172.0,3,39,59	195.0,3,39,59	80.0,3,40,60	89.0,3,40,60	0.0,3,40,60	0.0,3,40,60	0.0,3,40,60	0.0,3,40,60	0.0,3,40,60	0.0,3,40,60	0.0,3,40,60	0.0,3,40,60	0.0,3,40,60	0.0,3,40,60	0.0,3,40,60	0.0,3,40,60	0.0,3,40,60	0.0,3,40,60	0.0,3,40,60	0.0,3,40,60	0.0,3,40,60	0.0,3,40,60	0.0,3,40,60	0.0,3,40,60	0.0,3,40,60	0.0,3,40,60	0.0,3,40,60	0.0,3,40,60	0.0,3,40,60	0.0,3,40,60	0.0,3,40,60	0.0,3,40,60	0.0,3,40,60	0.0,3,40,60	0.0,3,40,60	0.0,3,40,60	0.0,3,40,60	0.0,3,40,60	0.0,3,40,60	0.0,3,40,60	0.0,3,40,60	0.0,3,40,60	0.0,3,40,60	0.0,3,40,60	0.0,3,40,60	0.0,3,40,60	0.0,3,40,60	0.0,3,40,60	0.0,3,40,60	0.0,3,40,60	0.0,3,40,60	0.0,3,40,60	0.0,3,40,60	0.0,3,40,60	0.0,3,40,60	0.0,3,40,60	0.0,3,40,60	0.0,3,40,60	0.0,3,40,60	0.0,3,40,60
0.0,3,40,60	0.0,3,40,60	0.0,3,40,60	0.0,3,40,60	62.0,3,40,60	93.0,3,40,60	147.0,3,39,60	161.0,3,39,59	228.0,3,38,59	115.0,3,39,60	261.0,3,38,59	213.0,3,38,59	138.0,3,39,60	111.0,3,39,60	63.0,3,40,60	0.0,3,40,60	0.0,3,40,60	0.0,3,40,60	0.0,3,40,60	0.0,3,40,60	0.0,3,40,60	0.0,3,40,60	0.0,3,40,60	0.0,3,40,60	0.0,3,40,60	0.0,3,40,60	0.0,3,40,60	0.0,3,40,60	0.0,3,40,60	0.0,3,40,60	0.0,3,40,60	0.0,3,40,60	0.0,3,40,60	0.0,3,40,60	0.0,3,40,60	0.0,3,40,60	0.0,3,40,60	0.0,3,40,60	0.0,3,40,60	0.0,3,40,60	0.0,3,40,60	0.0,3,40,60	0.0,3,40,60	0.0,3,40,60	0.0,3,40,60	0.0,3,40,60	0.0,3,40,60	0.0,3,40,60	0.0,3,40,60	0.0,3,40,60	0.0,3,40,60	0.0,3,40,60	0.0,3,40,60	0.0,3,40,60	0.0,3,40,60	0.0,3,40,60	0.0,3,40,60	0.0,3,40,60	0.0,3,40,60	0.0,3,40,60	0.0,3,40,60	0.0,3,40,60	0.0,3,40,60	0.0,3,40,60	0.0,3,40,60	0.0,3,40,60	0.0,3,40,60	0.0,3,40,60	0.0,3,40,60	0.0,3,40,60
0.0,3,40,60	0.0,3,40,60	0.0,3,40,60	-6.0,3,40,60	69.0,3,40,60	71.0,3,40,60	169.0,3,39,59	222.0,3,38,59	285.0,3,38,59	202.0,3,38,59	282.0,3,38,59	238.0,3,38,59	215.0,3,38,59	157.0,3,39,59	41.0,3,40,60	0.0,3,40,60	0.0,3,40,60	0.0,3,40,60	0.0,3,40,60	0.0,3,40,60	0.0,3,40,60	0.0,3,40,60	0.0,3,40,60	0.0,3,40,60	0.0,3,40,60	0.0,3,40,60	0.0,3,40,60	0.0,3,40,60	0.0,3,40,60	0.0,3,40,60	0.0,3,40,60	0.0,3,40,60	0.0,3,40,60	0.0,3,40,60	0.0,3,40,60	0.0,3,40,60	0.0,3,40,60	0.0,3,40,60	0.0,3,40,60	0.0,3,40,60	0.0,3,40,60	0.0,3,40,60	0.0,3,40,60	0.0,3,40,60	0.0,3,40,60	0.0,3,40,60	0.0,3,40,60	0.0,3,40,60	0.0,3,40,60	0.0,3,40,60	0.0,3,40,60	0.0,3,40,60	0.0,3,40,60	0.0,3,40,60	0.0,3,40,60	0.0,3,40,60	0.0,3,40,60	0.0,3,40,60	0.0,3,40,60	0.0,3,40,60	0.0,3,40,60	0.0,3,40,60	0.0,3,40,60	0.0,3,40,60	0.0,3,40,60	0.0,3,40,60	0.0,3,40,60	0.0,3,40,60	0.0,3,40,60	0.0,3,40,60
0.0,3,40,60	0.0,3,40,60	0.0,3,40,60	24.0,3,40,60	80.0,3,40,60	178.0,3,39,59	206.0,3,38,59	299.0,3,38,59	337.0,3,37,58	237.0,3,38,59	299.0,3,38,59	334.0,3,37,58	318.0,3,37,58	214.0,3,38,59	146.0,3,39,60	0.0,3,40,60	0.0,3,40,60	0.0,3,40,60	0.0,3,40,60	0.0,3,40,60	0.0,3,40,60	0.0,3,40,60	0.0,3,40,60	0.0,3,40,60	0.0,3,40,60	0.0,3,40,60	0.0,3,40,60	0.0,3,40,60	0.0,3,40,60	0.0,3,40,60	0.0,3,40,60	0.0,3,40,60	0.0,3,40,60	0.0,3,40,60	0.0,3,40,60	0.0,3,40,60	0.0,3,40,60	0.0,3,40,60	0.0,3,40,60	0.0,3,40,60	0.0,3,40,60	0.0,3,40,60	0.0,3,40,60	0.0,3,40,60	0.0,3,40,60	0.0,3,40,60	0.0,3,40,60	0.0,3,40,60	0.0,3,40,60	0.0,3,40,60	0.0,3,40,60	0.0,3,40,60	0.0,3,40,60	0.0,3,40,60	0.0,3,40,60	0.0,3,40,60	0.0,3,40,60	0.0,3,40,60	0.0,3,40,60	0.0,3,40,60	0.0,3,40,60	0.0,3,40,60	0.0,3,40,60	0.0,3,40,60	0.0,3,40,60	0.0,3,40,60	0.0,3,40,60	0.0,3,40,60	0.0,3,40,60	0.0,3,40,60
0.0,3,40,60	0.0,3,40,60	0.0,3,40,60	31.0,3,40,60	80.0,3,40,60	212.0,3,38,59	221.0,3,38,59	324.0,3,37,58	308.0,3,37,58	301.0,3,37,58	375.0,3,37,58	428.0,3,36,58	385.0,3,37,58	244.0,3,38,59	254.0,3,38,59	40.0,3,40,60	6.0,3,40,60	0.0,3,40,60	0.0,3,40,60	0.0,3,40,60	0.0,3,40,60	0.0,3,40,60	0.0,3,40,60	0.0,3,40,60	0.0,3,40,60	0.0,3,40,60	0.0,3,40,60	0.0,3,40,60	0.0,3,40,60	0.0,3,40,60	0.0,3,40,60	0.0,3,40,60	0.0,3,40,60	0.0,3,40,60	0.0,3,40,60	0.0,3,40,60	0.0,3,40,60	0.0,3,40,60	0.0,3,40,60	0.0,3,40,60	0.0,3,40,60	0.0,3,40,60	0.0,3,40,60	0.0,3,40,60	0.0,3,40,60	0.0,3,40,60	0.0,3,40,60	0.0,3,40,60	0.0,3,40,60	0.0,3,40,60	0.0,3,40,60	0.0,3,40,60	0.0,3,40,60	0.0,3,40,60	0.0,3,40,60	0.0,3,40,60	0.0,3,40,60	0.0,3,40,60	0.0,3,40,60	0.0,3,40,60	0.0,3,40,60	0.0,3,40,60	0.0,3,40,60	0.0,3,40,60	0.0,3,40,60	0.0,3,40,60	0.0,3,40,60	0.0,3,40,60	0.0,3,40,60	0.0,3,40,60
0.0,3,40,60	0.0,3,40,60	0.0,3,40,60	51.0,3,40,60	124.0,3,39,60	219.0,3,38,59	217.0,3,38,59	347.0,3,37,58	401.0,3,36,58	372.0,3,37,58	412.0,3,36,58	473.0,3,36,57	452.0,3,36,57	382.0,3,37,58	294.0,3,38,59	196.0,3,39,59	0.0,3,40,60	0.0,3,40,60	0.0,3,40,60	0.0,3,40,60	0.0,3,40,60	0.0,3,40,60	0.0,3,40,60	0.0,3,40,60	0.0,3,40,60	0.0,3,40,60	0.0,3,40,60	0.0,3,40,60	0.0,3,40,60	0.0,3,40,60	0.0,3,40,60	0.0,3,40,60	0.0,3,40,60	0.0,3,40,60	0.0,3,40,60	0.0,3,40,60	0.0,3,40,60	0.0,3,40,60	0.0,3,40,60	0.0,3,40,60	0.0,3,40,60	0.0,3,40,60	0.0,3,40,60	0.0,3,40,60	0.0,3,40,60	0.0,3,40,60	0.0,3,40,60	0.0,3,40,60	0.0,3,40,60	0.0,3,40,60	0.0,3,40,60	0.0,3,40,60	0.0,3,40,60	0.0,3,40,60	0.0,3,40,60	0.0,3,40,60	0.0,3,40,60	0.0,3,40,60	0.0,3,40,60	0.0,3,40,60	0.0,3,40,60	0.0,3,40,60	0.0,3,40,60	0.0,3,40,60	0.0,3,40,60	0.0,3,40,60	0.0,3,40,60	0.0,3,40,60	0.0,3,40,60	0.0,3,40,60
0.0,3,40,60	0.0,3,40,60	9.0,3,40,60	53.0,3,40,60	152.0,3,39,59	243.0,3,38,59	360.0,3,37,58	381.0,3,37,58	474.0,3,36,57	444.0,3,36,58	125.0,3,39,60	523.0,4,35,57	518.0,4,35,57	236.0,3,38,59	305.0,3,37,58	296.0,3,38,59	0.0,3,40,60	0.0,3,40,60	0.0,3,40,60	0.0,3,40,60	0.0,3,40,60	0.0,3,40,60	0.0,3,40,60	0.0,3,40,60	0.0,3,40,60	0.0,3,40,60	0.0,3,40,60	0.0,3,40,60	0.0,3,40,60	0.0,3,40,60	0.0,3,40,60	0.0,3,40,60	0.0,3,40,60	0.0,3,40,60	0.0,3,40,60	0.0,3,40,60	0.0,3,40,60	0.0,3,40,60	0.0,3,40,60	0.0,3,40,60	0.0,3,40,60	0.0,3,40,60	0.0,3,40,60	0.0,3,40,60	0.0,3,40,60	0.0,3,40,60	0.0,3,40,60	0.0,3,40,60	0.0,3,40,60	0.0,3,40,60	0.0,3,40,60	0.0,3,40,60	0.0,3,40,60	0.0,3,40,60	0.0,3,40,60	0.0,3,40,60	0.0,3,40,60	0.0,3,40,60	0.0,3,40,60	0.0,3,40,60	0.0,3,40,60	0.0,3,40,60	0.0,3,40,60	0.0,3,40,60	0.0,3,40,60	0.0,3,40,60	0.0,3,40,60	0.0,3,40,60	0.0,3,40,60	0.0,3,40,60
0.0,3,40,60	0.0,3,40,60	11.0,3,40,60	78.0,3,40,60	156.0,3,39,59	274.0,3,38,59	375.0,3,37,58	416.0,3,36,58	462.0,3,36,57	521.0,4,35,57	78.0,3,40,60	592.0,4,35,57	564.0,4,35,57	241.0,3,38,59	312.0,3,37,58	202.0,3,38,59	0.0,3,40,60	0.0,3,40,60	0.0,3,40,60	0.0,3,40,60	0.0,3,40,60	0.0,3,40,60	0.0,3,40,60	0.0,3,40,60	0.0,3,40,60	0.0,3,40,60	0.0,3,40,60	0.0,3,40,60	0.0,3,40,60	0.0,3,40,60	0.0,3,40,60	0.0,3,40,60	0.0,3,40,60	0.0,3,40,60	0.0,3,40,60	0.0,3,40,60	0.0,3,40,60	0.0,3,40,60	0.0,3,40,60	0.0,3,40,60	0.0,3,40,60	0.0,3,40,60	0.0,3,40,60	0.0,3,40,60	0.0,3,40,60	0.0,3,40,60	0.0,3,40,60	0.0,3,40,60	0.0,3,40,60	0.0,3,40,60	0.0,3,40,60	0.0,3,40,60	0.0,3,40,60	0.0,3,40,60	0.0,3,40,60	0.0,3,40,60	0.0,3,40,60	0.0,3,40,60	0.0,3,40,60	0.0,3,40,60	0.0,3,40,60	0.0,3,40,60	0.0,3,40,60	0.0,3,40,60	0.0,3,40,60	0.0,3,40,60	0.0,3,40,60	0.0,3,40,60	0.0,3,40,60	0.0,3,40,60
0.0,3,40,60	0.0,3,40,60	36.0,3,40,60	119.0,3,39,60	177.0,3,39,59	292.0,3,38,59	368.0,3,37,58	532.0,4,35,57	559.0,4,35,57	646.0,4,34,56	218.0,3,38,59	621.0,4,34,56	582.0,4,35,57	373.0,3,37,58	477.0,3,36,57	325.0,3,37,58	38.0,3,40,60	0.0,3,40,60	0.0,3,40,60	0.0,3,40,60	0.0,3,40,60	0.0,3,40,60	0.0,3,40,60	0.0,3,40,60	0.0,3,40,60	0.0,3,40,60	0.0,3,40,60	0.0,3,40,60	0.0,3,40,60	0.0,3,40,60	0.0,3,40,60	0.0,3,40,60	0.0,3,40,60	0.0,3,40,60	0.0,3,40,60	0.0,3,40,60	0.0,3,40,60	0.0,3,40,60	0.0,3,40,60	0.0,3,40,60	0.0,3,40,60	0.0,3,40,60	0.0,3,40,60	0.0,3,40,60	0.0,3,40,60	0.0,3,40,60	0.0,3,40,60	0.0,3,40,60	0.0,3,40,60	0.0,3,40,60	0.0,3,40,60	0.0,3,40,60	0.0,3,40,60	0.0,3,40,60	0.0,3,40,60	0.0,3,40,60	0.0,3,40,60	0.0,3,40,60	0.0,3,40,60	0.0,3,40,60	0.0,3,40,60	0.0,3,40,60	0.0,3,40,60	0.0,3,40,60	0.0,3,40,60	0.0,3,40,60	0.0,3,40,60	0.0,3,40,60	0.0,3,40,60	0.0,3,40,60
0.0,3,40,60	0.0,3,40,60	47.0,3,40,60	124.0,3,39,60	193.0,3,39,59	304.0,3,37,58	382.0,3,37,58	547.0,4,35,57	608.0,4,34,56	750.0,4,33,55	632.0,4,34,56	648.0,4,34,56	605.0,4,34,56	493.0,3,36,57	500.0,4,35,57	325.0,3,37,58	192.0,3,39,59	0.0,3,40,60	0.0,3,40,60	0.0,3,40,60	0.0,3,40,60	0.0,3,40,60	0.0,3,40,60	0.0,3,40,60	0.0,3,40,60	0.0,3,40,60	0.0,3,40,60	0.0,3,40,60	0.0,3,40,60	0.0,3,40,60	0.0,3,40,60	0.0,3,40,60	0.0,3,40,60	0.0,3,40,60	0.0,3,40,60	0.0,3,40,60	0.0,3,40,60	0.0,3,40,60	0.0,3,40,60	0.0,3,40,60	0.0,3,40,60	0.0,3,40,60	0.0,3,40,60	0.0,3,40,60	0.0,3,40,60	0.0,3,40,60	0.0,3,40,60	0.0,3,40,60	0.0,3,40,60	0.0,3,40,60	0.0,3,40,60	0.0,3,40,60	0.0,3,40,60	0.0,3,40,60	0.0,3,40,60	0.0,3,40,60	0.0,3,40,60	0.0,3,40,60	0.0,3,40,60	0.0,3,40,60	0.0,3,40,60	0.0,3,40,60	0.0,3,40,60	0.0,3,40,60	0.0,3,40,60	0.0,3,40,60	0.0,3,40,60	0.0,3,40,60	0.0,3,40,60	0.0,3,40,60
0.0,3,40,60	0.0,3,40,60	64.0,3,40,60	121.0,3,39,60	209.0,3,38,59	320.0,3,37,58	433.0,3,36,58	551.0,4,35,57	654.0,4,34,56	774.0,4,33,55	501.0,4,35,57	722.0,4,33,56	650.0,4,34,56	689.0,4,34,56	483.0,3,36,57	345.0,3,37,58	219.0,3,38,59	3.0,3,40,60	0.0,3,40,60	0.0,3,40,60	0.0,3,40,60	0.0,3,40,60	0.0,3,40,60	0.0,3,40,60	0.0,3,40,60	0.0,3,40,60	0.0,3,40,60	0.0,3,40,60	0.0,3,40,60	0.0,3,40,60	0.0,3,40,60	0.0,3,40,60	0.0,3,40,60	0.0,3,40,60	0.0,3,40,60	0.0,3,40,60	0.0,3,40,60	0.0,3,40,60	0.0,3,40,60	0.0,3,40,60	0.0,3,40,60	0.0,3,40,60	0.0,3,40,60	0.0,3,40,60	0.0,3,40,60	0.0,3,40,60	0.0,3,40,60	0.0,3,40,60	0.0,3,40,60	0.0,3,40,60	0.0,3,40,60	0.0,3,40,60	0.0,3,40,60	0.0,3,40,60	0.0,3,40,60	0.0,3,40,60	0.0,3,40,60	0.0,3,40,60	0.0,3,40,60	0.0,3,40,60	0.0,3,40,60	0.0,3,40,60	0.0,3,40,60	0.0,3,40,60	0.0,3,40,60	0.0,3,40,60	0.0,3,40,60	0.0,3,40,60	0.0,3,40,60	0.0,3,40,60
0.0,3,40,60	9.0,3,40,60	64.0,3,40,60	127.0,3,39,60	210.0,3,38,59	344.0,3,37,58	443.0,3,36,58	552.0,4,35,57	684.0,4,34,56	737.0,4,33,56	607.0,4,34,56	730.0,4,33,56	500.0,4,35,57	743.0,4,33,56	636.0,4,34,56	473.0,3,36,57	260.0,3,38,59	33.0,3,40,60	0.0,3,40,60	0.0,3,40,60	0.0,3,40,60	0.0,3,40,60	0.0,3,40,60	0.0,3,40,60	0.0,3,40,60	0.0,3,40,60	0.0,3,40,60	0.0,3,40,60	0.0,3,40,60	0.0,3,40,60	0.0,3,40,60	0.0,3,40,60	0.0,3,40,60	0.0,3,40,60	0.0,3,40,60	0.0,3,40,60	0.0,3,40,60	0.0,3,40,60	0.0,3,40,60	0.0,3,40,60	0.0,3,40,60	0.0,3,40,60	0.0,3,40,60	0.0,3,40,60	0.0,3,40,60	0.0,3,40,60	0.0,3,40,60	0.0,3,40,60	0.0,3,40,60	0.0,3,40,60	0.0,3,40,60	0.0,3,40,60	0.0,3,40,60	0.0,3,40,60	0.0,3,40,60	0.0,3,40,60	0.0,3,40,60	0.0,3,40,60	0.0,3,40,60	0.0,3,40,60	0.0,3,40,60	0.0,3,40,60	0.0,3,40,60	0.0,3,40,60	0.0,3,40,60	0.0,3,40,60	0.0,3,40,60	0.0,3,40,60	0.0,3,40,60	0.0,3,40,60
0.0,3,40,60	9.0,3,40,60	52.0,3,40,60	107.0,3,39,60	215.0,3,38,59	349.0,3,37,58	511.0,4,35,57	621.0,4,34,56	695.0,4,34,56	802.0,4,32,55	747.0,4,33,56	757.0,4,33,55	638.0,4,34,56	731.0,4,33,56	580.0,4,35,57	167.0,3,39,59	146.0,3,39,60	37.0,3,40,60	0.0,3,40,60	0.0,3,40,60	0.0,3,40,60	0.0,3,40,60	0.0,3,40,60	0.0,3,40,60	0.0,3,40,60	0.0,3,40,60	0.0,3,40,60	0.0,3,40,60	0.0,3,40,60	0.0,3,40,60	0.0,3,40,60	0.0,3,40,60	0.0,3,40,60	0.0,3,40,60	0.0,3,40,60	7.0,3,40,60	0.0,3,40,60	0.0,3,40,60	0.0,3,40,60	0.0,3,40,60	0.0,3,40,60	0.0,3,40,60	0.0,3,40,60	0.0,3,40,60	0.0,3,40,60	0.0,3,40,60	0.0,3,40,60	0.0,3,40,60	0.0,3,40,60	0.0,3,40,60	0.0,3,40,60	0.0,3,40,60	0.0,3,40,60	0.0,3,40,60	0.0,3,40,60	0.0,3,40,60	0.0,3,40,60	0.0,3,40,60	0.0,3,40,60	0.0,3,40,60	0.0,3,40,60	0.0,3,40,60	0.0,3,40,60	0.0,3,40,60	0.0,3,40,60	0.0,3,40,60	0.0,3,40,60	0.0,3,40,60	0.0,3,40,60	0.0,3,40,60
0.0,3,40,60	12.0,3,40,60	67.0,3,40,60	136.0,3,39,60	217.0,3,38,59	312.0,3,37,58	560.0,4,35,57	669.0,4,34,56	746.0,4,33,56	900.0,4,31,54	834.0,4,32,55	840.0,4,32,55	562.0,4,35,57	835.0,4,32,55	342.0,3,37,58	439.0,3,36,58	164.0,3,39,59	57.0,3,40,60	0.0,3,40,60	0.0,3,40,60	0.0,3,40,60	0.0,3,40,60	0.0,3,40,60	0.0,3,40,60	0.0,3,40,60	0.0,3,40,60	0.0,3,40,60	0.0,3,40,60	0.0,3,40,60	0.0,3,40,60	0.0,3,40,60	0.0,3,40,60	0.0,3,40,60	0.0,3,40,60	47.0,3,40,60	54.0,3,40,60	49.0,3,40,60	71.0,3,40,60	68.0,3,40,60	0.0,3,40,60	0.0,3,40,60	0.0,3,40,60	0.0,3,40,60	0.0,3,40,60	0.0,3,40,60	0.0,3,40,60	0.0,3,40,60	0.0,3,40,60	0.0,3,40,60	0.0,3,40,60	0.0,3,40,60	0.0,3,40,60	0.0,3,40,60	0.0,3,40,60	0.0,3,40,60	0.0,3,40,60	0.0,3,40,60	0.0,3,40,60	0.0,3,40,60	0.0,3,40,60	0.0,3,40,60	0.0,3,40,60	0.0,3,40,60	0.0,3,40,60	0.0,3,40,60	0.0,3,40,60	0.0,3,40,60	0.0,3,40,60	0.0,3,40,60	0.0,3,40,60
0.0,3,40,60	27.0,3,40,60	94.0,3,40,60	140.0,3,39,60	223.0,3,38,59	358.0,3,37,58	234.0,3,38,59	601.0,4,34,56	897.0,4,32,55	992.0,4,31,54	946.0,4,31,54	865.0,4,32,55	815.0,4,32,55	747.0,4,33,56	234.0,3,38,59	486.0,3,36,57	212.0,3,38,59	52.0,3,40,60	5.0,3,40,60	0.0,3,40,60	0.0,3,40,60	0.0,3,40,60	0.0,3,40,60	0.0,3,40,60	0.0,3,40,60	0.0,3,40,60	0.0,3,40,60	0.0,3,40,60	0.0,3,40,60	0.0,3,40,60	0.0,3,40,60	0.0,3,40,60	20.0,3,40,60	47.0,3,40,60	63.0,3,40,60	73.0,3,40,60	69.0,3,40,60	95.0,3,40,60	106.0,3,39,60	69.0,3,40,60	59.0,3,40,60	0.0,3,40,60	32.0,3,40,60	0.0,3,40,60	0.0,3,40,60	0.0,3,40,60	0.0,3,40,60	0.0,3,40,60	0.0,3,40,60	0.0,3,40,60	0.0,3,40,60	0.0,3,40,60	0.0,3,40,60	0.0,3,40,60	0.0,3,40,60	0.0,3,40,60	0.0,3,40,60	0.0,3,40,60	0.0,3,40,60	0.0,3,40,60	0.0,3,40,60	0.0,3,40,60	0.0,3,40,60	0.0,3,40,60	0.0,3,40,60	0.0,3,40,60	0.0,3,40,60	0.0,3,40,60	0.0,3,40,60	0.0,3,40,60
0.0,3,40,60	36.0,3,40,60	109.0,3,39,60	157.0,3,39,59	264.0,3,38,59	431.0,3,36,58	575.0,4,35,57	814.0,4,32,55	767.0,4,33,55	950.0,4,31,54	1075.0,5,30,53	959.0,4,31,54	990.0,4,31,54	231.0,3,38,59	631.0,4,34,56	494.0,3,36,57	244.0,3,38,59	83.0,3,40,60	25.0,3,40,60	0.0,3,40,60	0.0,3,40,60	0.0,3,40,60	0.0,3,40,60	0.0,3,40,60	0.0,3,40,60	0.0,3,40,60	0.0,3,40,60	0.0,3,40,60	0.0,3,40,60	0.0,3,40,60	0.0,3,40,60	24.0,3,40,60	38.0,3,40,60	70.0,3,40,60	100.0,3,39,60	112.0,3,39,60	110.0,3,39,60	103.0,3,39,60	149.0,3,39,60	107.0,3,39,60	121.0,3,39,60	86.0,3,40,60	74.0,3,40,60	0.0,3,40,60	0.0,3,40,60	0.0,3,40,60	0.0,3,40,60	0.0,3,40,60	0.0,3,40,60	0.0,3,40,60	0.0,3,40,60	0.0,3,40,60	0.0,3,40,60	0.0,3,40,60	0.0,3,40,60	0.0,3,40,60	0.0,3,40,60	0.0,3,40,60	0.0,3,40,60	0.0,3,40,60	0.0,3,40,60	0.0,3,40,60	0.0,3,40,60	0.0,3,40,60	0.0,3,40,60	0.0,3,40,60	0.0,3,40,60	0.0,3,40,60	0.0,3,40,60	0.0,3,40,60
0.0,3,40,60	38.0,3,40,60	121.0,3,39,60	166.0,3,39,59	273.0,3,38,59	458.0,3,36,57	652.0,4,34,56	824.0,4,32,55	914.0,4,31,54	1080.0,5,30,53	1086.0,5,30,53	933.0,4,31,54	1152.0,5,29,53	714.0,4,33,56	681.0,4,34,56	454.0,3,36,57	305.0,3,37,58	106.0,3,39,60	38.0,3,40,60	0.0,3,40,60	0.0,3,40,60	0.0,3,40,60	0.0,3,40,60	0.0,3,40,60	0.0,3,40,60	0.0,3,40,60	0.0,3,40,60	0.0,3,40,60	0.0,3,40,60	0.0,3,40,60	0.0,3,40,60	18.0,3,40,60	50.0,3,40,60	89.0,3,40,60	110.0,3,39,60	130.0,3,39,60	120.0,3,39,60	155.0,3,39,59	180.0,3,39,59	156.0,3,39,59	139.0,3,39,60	110.0,3,39,60	99.0,3,40,60	61.0,3,40,60	0.0,3,40,60	0.0,3,40,60	0.0,3,40,60	0.0,3,40,60	0.0,3,40,60	0.0,3,40,60	0.0,3,40,60	0.0,3,40,60	0.0,3,40,60	0.0,3,40,60	0.0,3,40,60	0.0,3,40,60	0.0,3,40,60	0.0,3,40,60	0.0,3,40,60	0.0,3,40,60	0.0,3,40,60	0.0,3,40,60	0.0,3,40,60	0.0,3,40,60	0.0,3,40,60	0.0,3,40,60	0.0,3,40,60	0.0,3,40,60	0.0,3,40,60	0.0,3,40,60
0.0,3,40,60	18.0,3,40,60	103.0,3,39,60	169.0,3,39,59	274.0,3,38,59	451.0,3,36,57	676.0,4,34,56	868.0,4,32,55	925.0,4,31,54	1158.0,5,29,53	1113.0,5,29,53	955.0,4,31,54	1237.0,5,28,52	724.0,4,33,56	776.0,4,33,55	436.0,3,36,58	265.0,3,38,59	130.0,3,39,60	60.0,3,40,60	6.0,3,40,60	0.0,3,40,60	0.0,3,40,60	0.0,3,40,60	0.0,3,40,60	0.0,3,40,60	0.0,3,40,60	0.0,3,40,60	0.0,3,40,60	0.0,3,40,60	0.0,3,40,60	24.0,3,40,60	46.0,3,40,60	70.0,3,40,60	110.0,3,39,60	167.0,3,39,59	146.0,3,39,60	158.0,3,39,59	178.0,3,39,59	200.0,3,38,59	164.0,3,39,59	186.0,3,39,59	158.0,3,39,59	113.0,3,39,60	115.0,3,39,60	0.0,3,40,60	0.0,3,40,60	0.0,3,40,60	0.0,3,40,60	0.0,3,40,60	0.0,3,40,60	0.0,3,40,60	0.0,3,40,60	0.0,3,40,60	0.0,3,40,60	0.0,3,40,60	0.0,3,40,60	0.0,3,40,60	0.0,3,40,60	0.0,3,40,60	0.0,3,40,60	0.0,3,40,60	0.0,3,40,60	0.0,3,40,60	0.0,3,40,60	0.0,3,40,60	0.0,3,40,60	0.0,3,40,60	0.0,3,40,60	0.0,3,40,60	0.0,3,40,60
0.0,3,40,60	16.0,3,40,60	93.0,3,40,60	167.0,3,39,59	266.0,3,38,59	483.0,3,36,57	660.0,4,34,56	878.0,4,32,55	1076.0,5,30,53	1203.0,5,28,52	1244.0,5,28,52	1012.0,5,30,54	1223.0,5,28,52	467.0,3,36,57	905.0,4,31,54	477.0,3,36,57	344.0,3,37,58	136.0,3,39,60	71.0,3,40,60	10.0,3,40,60	0.0,3,40,60	0.0,3,40,60	0.0,3,40,60	0.0,3,40,60	0.0,3,40,60	0.0,3,40,60	0.0,3,40,60	0.0,3,40,60	2.0,3,40,60	3.0,3,40,60	43.0,3,40,60	67.0,3,40,60	80.0,3,40,60	126.0,3,39,60	98.0,3,40,60	167.0,3,39,59	191.0,3,39,59	206.0,3,38,59	216.0,3,38,59	216.0,3,38,59	155.0,3,39,59	186.0,3,39,59	152.0,3,39,59	123.0,3,39,60	98.0,3,40,60	0.0,3,40,60	0.0,3,40,60	0.0,3,40,60	0.0,3,40,60	0.0,3,40,60	0.0,3,40,60	0.0,3,40,60	0.0,3,40,60	0.0,3,40,60	0.0,3,40,60	0.0,3,40,60	0.0,3,40,60	0.0,3,40,60	0.0,3,40,60	0.0,3,40,60	0.0,3,40,60	0.0,3,40,60	0.0,3,40,60	0.0,3,40,60	0.0,3,40,60	0.0,3,40,60	0.0,3,40,60	0.0,3,40,60	0.0,3,40,60	0.0,3,40,60
0.0,3,40,60	2.0,3,40,60	76.0,3,40,60	178.0,3,39,59	300.0,3,37,58	449.0,3,36,58	681.0,4,34,56	793.0,4,33,55	1038.0,5,30,54	1251.0,5,28,52	1373.0,5,27,51	1167.0,5,29,53	884.0,4,32,55	568.0,4,35,57	811.0,4,32,55	338.0,3,37,58	244.0,3,38,59	143.0,3,39,60	65.0,3,40,60	15.0,3,40,60	0.0,3,40,60	0.0,3,40,60	0.0,3,40,60	0.0,3,40,60	0.0,3,40,60	0.0,3,40,60	0.0,3,40,60	4.0,3,40,60	8.0,3,40,60	10.0,3,40,60	46.0,3,40,60	74.0,3,40,60	90.0,3,40,60	136.0,3,39,60	153.0,3,39,59	189.0,3,39,59	193.0,3,39,59	237.0,3,38,59	239.0,3,38,59	255.0,3,38,59	201.0,3,38,59	233.0,3,38,59	176.0,3,39,59	158.0,3,39,59	103.0,3,39,60	0.0,3,40,60	0.0,3,40,60	0.0,3,40,60	0.0,3,40,60	0.0,3,40,60	0.0,3,40,60	0.0,3,40,60	0.0,3,40,60	0.0,3,40,60	0.0,3,40,60	0.0,3,40,60	0.0,3,40,60	0.0,3,40,60	0.0,3,40,60	0.0,3,40,60	0.0,3,40,60	0.0,3,40,60	0.0,3,40,60	0.0,3,40,60	0.0,3,40,60	0.0,3,40,60	0.0,3,40,60	0.0,3,40,60	0.0,3,40,60	0.0,3,40,60
0.0,3,40,60	0.0,3,40,60	59.0,3,40,60	160.0,3,39,59	267.0,3,38,59	490.0,3,36,57	669.0,4,34,56	776.0,4,33,55	1069.0,5,30,53	1322.0,5,27,52	1544.0,5,25,50	1040.0,5,30,54	680.0,4,34,56	786.0,4,33,55	724.0,4,33,56	419.0,3,36,58	378.0,3,37,58	191.0,3,39,59	97.0,3,40,60	42.0,3,40,60	3.0,3,40,60	0.0,3,40,60	0.0,3,40,60	0.0,3,40,60	0.0,3,40,60	-3.0,3,40,60	11.0,3,40,60	10.0,3,40,60	22.0,3,40,60	31.0,3,40,60	69.0,3,40,60	97.0,3,40,60	129.0,3,39,60	174.0,3,39,59	220.0,3,38,59	240.0,3,38,59	256.0,3,38,59	268.0,3,38,59	267.0,3,38,59	325.0,3,37,58	260.0,3,38,59	250.0,3,38,59	228.0,3,38,59	191.0,3,39,59	137.0,3,39,60	24.0,3,40,60	0.0,3,40,60	0.0,3,40,60	0.0,3,40,60	0.0,3,40,60	0.0,3,40,60	0.0,3,40,60	0.0,3,40,60	0.0,3,40,60	0.0,3,40,60	0.0,3,40,60	0.0,3,40,60	0.0,3,40,60	0.0,3,40,60	0.0,3,40,60	0.0,3,40,60	0.0,3,40,60	0.0,3,40,60	0.0,3,40,60	0.0,3,40,60	0.0,3,40,60	0.0,3,40,60	0.0,3,40,60	0.0,3,40,60	0.0,3,40,60
0.0,3,40,60	0.0,3,40,60	47.0,3,40,60	140.0,3,39,60	245.0,3,38,59	477.0,3,36,57	590.0,4,35,57	860.0,4,32,55	786.0,4,33,55	1277.0,5,28,52	1572.0,5,25,50	1313.0,5,27,52	1235.0,5,28,52	1330.0,5,27,52	688.0,4,34,56	553.0,4,35,57	296.0,3,38,59	180.0,3,39,59	92.0,3,40,60	33.0,3,40,60	9.0,3,40,60	0.0,3,40,60	0.0,3,40,60	0.0,3,40,60	2.0,3,40,60	4.0,3,40,60	18.0,3,40,60	19.0,3,40,60	35.0,3,40,60	43.0,3,40,60	75.0,3,40,60	100.0,3,39,60	142.0,3,39,60	208.0,3,38,59	248.0,3,38,59	285.0,3,38,59	274.0,3,38,59	301.0,3,37,58	292.0,3,38,59	313.0,3,37,58	291.0,3,38,59	281.0,3,38,59	257.0,3,38,59	242.0,3,38,59	194.0,3,39,59	117.0,3,39,60	0.0,3,40,60	0.0,3,40,60	0.0,3,40,60	0.0,3,40,60	0.0,3,40,60	0.0,3,40,60	0.0,3,40,60	0.0,3,40,60	0.0,3,40,60	0.0,3,40,60	0.0,3,40,60	0.0,3,40,60	0.0,3,40,60	0.0,3,40,60	0.0,3,40,60	0.0,3,40,60	0.0,3,40,60	0.0,3,40,60	0.0,3,40,60	0.0,3,40,60	0.0,3,40,60	0.0,3,40,60	0.0,3,40,60	0.0,3,40,60
0.0,3,40,60	0.0,3,40,60	46.0,3,40,60	133.0,3,39,60	172.0,3,39,59	376.0,3,37,58	361.0,3,37,58	900.0,4,31,54	1049.0,5,30,54	1347.0,5,27,52	1652.0,5,24,49	1676.0,5,24,49	1400.0,5,26,51	857.0,4,32,55	850.0,4,32,55	777.0,4,33,55	496.0,3,36,57	199.0,3,39,59	71.0,3,40,60	62.0,3,40,60	14.0,3,40,60	0.0,3,40,60	2.0,3,40,60	-2.0,3,40,60	10.0,3,40,60	23.0,3,40,60	21.0,3,40,60	31.0,3,40,60	32.0,3,40,60	79.0,3,40,60	104.0,3,39,60	117.0,3,39,60	176.0,3,39,59	233.0,3,38,59	279.0,3,38,59	302.0,3,37,58	312.0,3,37,58	318.0,3,37,58	331.0,3,37,58	390.0,3,37,58	328.0,3,37,58	345.0,3,37,58	306.0,3,37,58	299.0,3,38,59	240.0,3,38,59	186.0,3,39,59	130.0,3,39,60	0.0,3,40,60	0.0,3,40,60	0.0,3,40,60	0.0,3,40,60	0.0,3,40,60	0.0,3,40,60	0.0,3,40,60	0.0,3,40,60	0.0,3,40,60	0.0,3,40,60	0.0,3,40,60	0.0,3,40,60	0.0,3,40,60	0.0,3,40,60	0.0,3,40,60	0.0,3,40,60	0.0,3,40,60	0.0,3,40,60	0.0,3,40,60	0.0,3,40,60	0.0,3,40,60	0.0,3,40,60	0.0,3,40,60
0.0,3,40,60	0.0,3,40,60	40.0,3,40,60	76.0,3,40,60	197.0,3,39,59	450.0,3,36,57	756.0,4,33,55	775.0,4,33,55	651.0,4,34,56	1025.0,5,30,54	1676.0,5,24,49	1259.0,5,28,52	1019.0,5,30,54	617.0,4,34,56	332.0,3,37,58	560.0,4,35,57	494.0,3,36,57	178.0,3,39,59	99.0,3,40,60	47.0,3,40,60	16.0,3,40,60	1.0,3,40,60	3.0,3,40,60	5.0,3,40,60	13.0,3,40,60	22.0,3,40,60	25.0,3,40,60	41.0,3,40,60	49.0,3,40,60	85.0,3,40,60	113.0,3,39,60	130.0,3,39,60	191.0,3,39,59	273.0,3,38,59	297.0,3,38,59	316.0,3,37,58	340.0,3,37,58	356.0,3,37,58	347.0,3,37,58	401.0,3,36,58	368.0,3,37,58	361.0,3,37,58	352.0,3,37,58	339.0,3,37,58	296.0,3,38,59	230.0,3,38,59	155.0,3,39,59	0.0,3,40,60	0.0,3,40,60	0.0,3,40,60	0.0,3,40,60	0.0,3,40,60	0.0,3,40,60	0.0,3,40,60	0.0,3,40,60	0.0,3,40,60	0.0,3,40,60	0.0,3,40,60	0.0,3,40,60	0.0,3,40,60	0.0,3,40,60	0.0,3,40,60	0.0,3,40,60	0.0,3,40,60	0.0,3,40,60	0.0,3,40,60	0.0,3,40,60	0.0,3,40,60	0.0,3,40,60	0.0,3,40,60
0.0,3,40,60	0.0,3,40,60	16.0,3,40,60	71.0,3,40,60	169.0,3,39,59	402.0,3,36,58	632.0,4,34,56	712.0,4,33,56	1074.0,5,30,53	1295.0,5,28,52	1393.0,5,27,51	753.0,4,33,55	835.0,4,32,55	532.0,4,35,57	470.0,3,36,57	293.0,3,38,59	195.0,3,39,59	135.0,3,39,60	104.0,3,39,60	42.0,3,40,60	23.0,3,40,60	6.0,3,40,60	3.0,3,40,60	3.0,3,40,60	18.0,3,40,60	27.0,3,40,60	28.0,3,40,60	44.0,3,40,60	66.0,3,40,60	95.0,3,40,60	123.0,3,39,60	143.0,3,39,60	187.0,3,39,59	279.0,3,38,59	316.0,3,37,58	344.0,3,37,58	358.0,3,37,58	369.0,3,37,58	374.0,3,37,58	413.0,3,36,58	361.0,3,37,58	414.0,3,36,58	408.0,3,36,58	397.0,3,37,58	329.0,3,37,58	242.0,3,38,59	195.0,3,39,59	116.0,3,39,60	0.0,3,40,60	0.0,3,40,60	0.0,3,40,60	0.0,3,40,60	0.0,3,40,60	0.0,3,40,60	0.0,3,40,60	0.0,3,40,60	0.0,3,40,60	0.0,3,40,60	0.0,3,40,60	0.0,3,40,60	0.0,3,40,60	0.0,3,40,60	0.0,3,40,60	0.0,3,40,60	0.0,3,40,60	0.0,3,40,60	0.0,3,40,60	0.0,3,40,60	0.0,3,40,60	0.0,3,40,60
0.0,3,40,60	0.0,3,40,60	8.0,3,40,60	43.0,3,40,60	135.0,3,39,60	329.0,3,37,58	392.0,3,37,58	470.0,3,36,57	584.0,4,35,57	838.0,4,32,55	1227.0,5,28,52	799.0,4,33,55	591.0,4,35,57	442.0,3,36,58	359.0,3,37,58	467.0,3,36,57	481.0,3,36,57	229.0,3,38,59	103.0,3,39,60	44.0,3,40,60	28.0,3,40,60	15.0,3,40,60	10.0,3,40,60	10.0,3,40,60	19.0,3,40,60	24.0,3,40,60	35.0,3,40,60	50.0,3,40,60	83.0,3,40,60	107.0,3,39,60	140.0,3,39,60	191.0,3,39,59	225.0,3,38,59	293.0,3,38,59	339.0,3,37,58	374.0,3,37,58	402.0,3,36,58	421.0,3,36,58	424.0,3,36,58	496.0,3,36,57	491.0,3,36,57	498.0,3,36,57	474.0,3,36,57	480.0,3,36,57	403.0,3,36,58	326.0,3,37,58	273.0,3,38,59	194.0,3,39,59	35.0,3,40,60	0.0,3,40,60	0.0,3,40,60	0.0,3,40,60	0.0,3,40,60	0.0,3,40,60	0.0,3,40,60	0.0,3,40,60	0.0,3,40,60	0.0,3,40,60	0.0,3,40,60	0.0,3,40,60	0.0,3,40,60	0.0,3,40,60	0.0,3,40,60	0.0,3,40,60	0.0,3,40,60	0.0,3,40,60	0.0,3,40,60	0.0,3,40,60	0.0,3,40,60	0.0,3,40,60
0.0,3,40,60	0.0,3,40,60	9.0,3,40,60	23.0,3,40,60	122.0,3,39,60	273.0,3,38,59	360.0,3,37,58	688.0,4,34,56	852.0,4,32,55	668.0,4,34,56	1412.0,5,26,51	794.0,4,33,55	584.0,4,35,57	435.0,3,36,58	759.0,4,33,55	773.0,4,33,55	607.0,4,34,56	230.0,3,38,59	109.0,3,39,60	52.0,3,40,60	27.0,3,40,60	19.0,3,40,60	16.0,3,40,60	14.0,3,40,60	25.0,3,40,60	36.0,3,40,60	42.0,3,40,60	61.0,3,40,60	97.0,3,40,60	115.0,3,39,60	144.0,3,39,60	204.0,3,38,59	249.0,3,38,59	311.0,3,37,58	362.0,3,37,58	359.0,3,37,58	442.0,3,36,58	461.0,3,36,57	476.0,3,36,57	522.0,4,35,57	522.0,4,35,57	533.0,4,35,57	511.0,4,35,57	496.0,3,36,57	418.0,3,36,58	379.0,3,37,58	339.0,3,37,58	247.0,3,38,59	133.0,3,39,60	0.0,3,40,60	0.0,3,40,60	0.0,3,40,60	0.0,3,40,60	0.0,3,40,60	0.0,3,40,60	0.0,3,40,60	0.0,3,40,60	0.0,3,40,60	0.0,3,40,60	0.0,3,40,60	0.0,3,40,60	0.0,3,40,60	0.0,3,40,60	0.0,3,40,60	0.0,3,40,60	0.0,3,40,60	0.0,3,40,60	0.0,3,40,60	0.0,3,40,60	0.0,3,40,60
0.0,3,40,60	0.0,3,40,60	0.0,3,40,60	12.0,3,40,60	80.0,3,40,60	208.0,3,38,59	348.0,3,37,58	545.0,4,35,57	1118.0,5,29,53	1308.0,5,27,52	727.0,4,33,56	844.0,4,32,55	695.0,4,34,56	561.0,4,35,57	1242.0,5,28,52	970.0,4,31,54	513.0,4,35,57	251.0,3,38,59	132.0,3,39,60	61.0,3,40,60	37.0,3,40,60	25.0,3,40,60	19.0,3,40,60	20.0,3,40,60	32.0,3,40,60	48.0,3,40,60	49.0,3,40,60	72.0,3,40,60	104.0,3,39,60	132.0,3,39,60	171.0,3,39,59	216.0,3,38,59	270.0,3,38,59	330.0,3,37,58	362.0,3,37,58	421.0,3,36,58	434.0,3,36,58	529.0,4,35,57	541.0,4,35,57	535.0,4,35,57	573.0,4,35,57	568.0,4,35,57	588.0,4,35,57	552.0,4,35,57	514.0,4,35,57	473.0,3,36,57	390.0,3,37,58	327.0,3,37,58	202.0,3,38,59	85.0,3,40,60	0.0,3,40,60	0.0,3,40,60	0.0,3,40,60	0.0,3,40,60	0.0,3,40,60	0.0,3,40,60	0.0,3,40,60	0.0,3,40,60	0.0,3,40,60	0.0,3,40,60	0.0,3,40,60	0.0,3,40,60	0.0,3,40,60	0.0,3,40,60	0.0,3,40,60	0.0,3,40,60	0.0,3,40,60	0.0,3,40,60	0.0,3,40,60	0.0,3,40,60
0.0,3,40,60	0.0,3,40,60	0.0,3,40,60	8.0,3,40,60	76.0,3,40,60	179.0,3,39,59	348.0,3,37,58	696.0,4,34,56	899.0,4,32,55	1240.0,5,28,52	689.0,4,34,56	770.0,4,33,55	803.0,4,32,55	822.0,4,32,55	793.0,4,33,55	756.0,4,33,55	546.0,4,35,57	248.0,3,38,59	137.0,3,39,60	67.0,3,40,60	40.0,3,40,60	33.0,3,40,60	22.0,3,40,60	33.0,3,40,60	33.0,3,40,60	65.0,3,40,60	66.0,3,40,60	81.0,3,40,60	108.0,3,39,60	138.0,3,39,60	178.0,3,39,59	232.0,3,38,59	283.0,3,38,59	359.0,3,37,58	375.0,3,37,58	426.0,3,36,58	444.0,3,36,58	539.0,4,35,57	553.0,4,35,57	577.0,4,35,57	603.0,4,34,56	609.0,4,34,56	630.0,4,34,56	583.0,4,35,57	530.0,4,35,57	508.0,4,35,57	430.0,3,36,58	364.0,3,37,58	262.0,3,38,59	23.0,3,40,60	0.0,3,40,60	5.0,3,40,60	0.0,3,40,60	0.0,3,40,60	0.0,3,40,60	0.0,3,40,60	0.0,3,40,60	0.0,3,40,60	0.0,3,40,60	0.0,3,40,60	0.0,3,40,60	0.0,3,40,60	0.0,3,40,60	0.0,3,40,60	0.0,3,40,60	0.0,3,40,60	0.0,3,40,60	0.0,3,40,60	0.0,3,40,60	0.0,3,40,60
0.0,3,40,60	0.0,3,40,60	0.0,3,40,60	0.0,3,40,60	52.0,3,40,60	118.0,3,39,60	263.0,3,38,59	386.0,3,37,58	596.0,4,35,57	608.0,4,34,56	484.0,3,36,57	523.0,4,35,57	964.0,4,31,54	735.0,4,33,56	566.0,4,35,57	404.0,3,36,58	327.0,3,37,58	199.0,3,39,59	133.0,3,39,60	73.0,3,40,60	49.0,3,40,60	36.0,3,40,60	24.0,3,40,60	33.0,3,40,60	48.0,3,40,60	84.0,3,40,60	87.0,3,40,60	101.0,3,39,60	118.0,3,39,60	143.0,3,39,60	178.0,3,39,59	247.0,3,38,59	295.0,3,38,59	355.0,3,37,58	422.0,3,36,58	459.0,3,36,57	494.0,3,36,57	546.0,4,35,57	595.0,4,35,57	635.0,4,34,56	677.0,4,34,56	676.0,4,34,56	681.0,4,34,56	640.0,4,34,56	595.0,4,35,57	573.0,4,35,57	510.0,4,35,57	413.0,3,36,58	335.0,3,37,58	16.0,3,40,60	28.0,3,40,60	46.0,3,40,60	56.0,3,40,60	0.0,3,40,60	0.0,3,40,60	0.0,3,40,60	0.0,3,40,60	0.0,3,40,60	0.0,3,40,60	0.0,3,40,60	0.0,3,40,60	0.0,3,40,60	0.0,3,40,60	0.0,3,40,60	0.0,3,40,60	0.0,3,40,60	0.0,3,40,60	0.0,3,40,60	0.0,3,40,60	0.0,3,40,60
0.0,3,40,60	0.0,3,40,60	0.0,3,40,60	0.0,3,40,60	20.0,3,40,60	97.0,3,40,60	214.0,3,38,59	311.0,3,37,58	543.0,4,35,57	1021.0,5,30,54	326.0,3,37,58	484.0,3,36,57	801.0,4,32,55	1142.0,5,29,53	821.0,4,32,55	560.0,4,35,57	370.0,3,37,58	213.0,3,38,59	132.0,3,39,60	78.0,3,40,60	53.0,3,40,60	37.0,3,40,60	29.0,3,40,60	36.0,3,40,60	57.0,3,40,60	85.0,3,40,60	93.0,3,40,60	104.0,3,39,60	130.0,3,39,60	155.0,3,39,59	192.0,3,39,59	250.0,3,38,59	305.0,3,37,58	385.0,3,37,58	438.0,3,36,58	462.0,3,36,57	516.0,4,35,57	527.0,4,35,57	625.0,4,34,56	662.0,4,34,56	750.0,4,33,55	686.0,4,34,56	726.0,4,33,56	666.0,4,34,56	620.0,4,34,56	610.0,4,34,56	551.0,4,35,57	443.0,3,36,58	324.0,3,37,58	196.0,3,39,59	210.0,3,38,59	75.0,3,40,60	61.0,3,40,60	0.0,3,40,60	0.0,3,40,60	0.0,3,40,60	0.0,3,40,60	0.0,3,40,60	0.0,3,40,60	0.0,3,40,60	0.0,3,40,60	0.0,3,40,60	0.0,3,40,60	0.0,3,40,60	0.0,3,40,60	0.0,3,40,60	0.0,3,40,60	0.0,3,40,60	0.0,3,40,60	0.0,3,40,60
0.0,3,40,60	0.0,3,40,60	0.0,3,40,60	0.0,3,40,60	1.0,3,40,60	82.0,3,40,60	183.0,3,39,59	403.0,3,36,58	760.0,4,33,55	1137.0,5,29,53	502.0,4,35,57	649.0,4,34,56	625.0,4,34,56	1134.0,5,29,53	1063.0,5,30,53	834.0,4,32,55	524.0,4,35,57	186.0,3,39,59	114.0,3,39,60	74.0,3,40,60	51.0,3,40,60	38.0,3,40,60	31.0,3,40,60	40.0,3,40,60	65.0,3,40,60	80.0,3,40,60	97.0,3,40,60	112.0,3,39,60	146.0,3,39,60	162.0,3,39,59	210.0,3,38,59	261.0,3,38,59	314.0,3,37,58	402.0,3,36,58	448.0,3,36,58	487.0,3,36,57	547.0,4,35,57	597.0,4,35,57	605.0,4,34,56	723.0,4,33,56	765.0,4,33,55	780.0,4,33,55	786.0,4,33,55	713.0,4,33,56	673.0,4,34,56	638.0,4,34,56	565.0,4,35,57	475.0,3,36,57	322.0,3,37,58	195.0,3,39,59	269.0,3,38,59	117.0,3,39,60	72.0,3,40,60	0.0,3,40,60	0.0,3,40,60	0.0,3,40,60	0.0,3,40,60	0.0,3,40,60	0.0,3,40,60	0.0,3,40,60	0.0,3,40,60	0.0,3,40,60	0.0,3,40,60	0.0,3,40,60	0.0,3,40,60	0.0,3,40,60	0.0,3,40,60	0.0,3,40,60	0.0,3,40,60	0.0,3,40,60
0.0,3,40,60	0.0,3,40,60	0.0,3,40,60	0.0,3,40,60	0.0,3,40,60	55.0,3,40,60	153.0,3,39,59	286.0,3,38,59	448.0,3,36,58	894.0,4,32,55	317.0,3,37,58	904.0,4,31,54	556.0,4,35,57	700.0,4,33,56	1094.0,5,30,53	756.0,4,33,55	392.0,3,37,58	200.0,3,38,59	102.0,3,39,60	67.0,3,40,60	51.0,3,40,60	37.0,3,40,60	38.0,3,40,60	47.0,3,40,60	65.0,3,40,60	78.0,3,40,60	106.0,3,39,60	119.0,3,39,60	144.0,3,39,60	174.0,3,39,59	222.0,3,38,59	270.0,3,38,59	338.0,3,37,58	424.0,3,36,58	455.0,3,36,57	503.0,4,35,57	581.0,4,35,57	620.0,4,34,56	674.0,4,34,56	727.0,4,33,56	829.0,4,32,55	876.0,4,32,55	842.0,4,32,55	805.0,4,32,55	771.0,4,33,55	705.0,4,33,56	614.0,4,34,56	524.0,4,35,57	339.0,3,37,58	377.0,3,37,58	302.0,3,37,58	140.0,3,39,60	31.0,3,40,60	0.0,3,40,60	0.0,3,40,60	0.0,3,40,60	0.0,3,40,60	0.0,3,40,60	0.0,3,40,60	0.0,3,40,60	0.0,3,40,60	0.0,3,40,60	0.0,3,40,60	0.0,3,40,60	0.0,3,40,60	0.0,3,40,60	0.0,3,40,60	0.0,3,40,60	0.0,3,40,60	0.0,3,40,60
0.0,3,40,60	0.0,3,40,60	0.0,3,40,60	0.0,3,40,60	0.0,3,40,60	35.0,3,40,60	196.0,3,39,59	234.0,3,38,59	522.0,4,35,57	812.0,4,32,55	503.0,4,35,57	791.0,4,33,55	539.0,4,35,57	1078.0,5,30,53	1009.0,5,30,54	724.0,4,33,56	467.0,3,36,57	171.0,3,39,59	101.0,3,39,60	63.0,3,40,60	51.0,3,40,60	34.0,3,40,60	39.0,3,40,60	49.0,3,40,60	68.0,3,40,60	83.0,3,40,60	111.0,3,39,60	129.0,3,39,60	149.0,3,39,60	177.0,3,39,59	219.0,3,38,59	278.0,3,38,59	335.0,3,37,58	439.0,3,36,58	479.0,3,36,57	520.0,4,35,57	580.0,4,35,57	656.0,4,34,56	718.0,4,33,56	754.0,4,33,55	864.0,4,32,55	903.0,4,31,54	894.0,4,32,55	867.0,4,32,55	812.0,4,32,55	762.0,4,33,55	658.0,4,34,56	602.0,4,34,56	309.0,3,37,58	455.0,3,36,57	271.0,3,38,59	161.0,3,39,59	35.0,3,40,60	0.0,3,40,60	0.0,3,40,60	0.0,3,40,60	0.0,3,40,60	0.0,3,40,60	0.0,3,40,60	0.0,3,40,60	0.0,3,40,60	0.0,3,40,60	0.0,3,40,60	0.0,3,40,60	0.0,3,40,60	0.0,3,40,60	0.0,3,40,60	0.0,3,40,60	0.0,3,40,60	0.0,3,40,60
0.0,3,40,60	0.0,3,40,60	0.0,3,40,60	0.0,3,40,60	0.0,3,40,60	0.0,3,40,60	43.0,3,40,60	178.0,3,39,59	351.0,3,37,58	322.0,3,37,58	829.0,4,32,55	512.0,4,35,57	425.0,3,36,58	1006.0,5,30,54	960.0,4,31,54	828.0,4,32,55	484.0,3,36,57	166.0,3,39,59	89.0,3,40,60	53.0,3,40,60	38.0,3,40,60	25.0,3,40,60	36.0,3,40,60	52.0,3,40,60	74.0,3,40,60	88.0,3,40,60	105.0,3,39,60	128.0,3,39,60	156.0,3,39,59	192.0,3,39,59	225.0,3,38,59	294.0,3,38,59	344.0,3,37,58	456.0,3,36,57	519.0,4,35,57	566.0,4,35,57	635.0,4,34,56	711.0,4,33,56	802.0,4,32,55	850.0,4,32,55	946.0,4,31,54	985.0,4,31,54	1010.0,5,30,54	965.0,4,31,54	907.0,4,31,54	801.0,4,32,55	748.0,4,33,56	643.0,4,34,56	571.0,4,35,57	391.0,3,37,58	253.0,3,38,59	322.0,3,37,58	248.0,3,38,59	163.0,3,39,59	0.0,3,40,60	0.0,3,40,60	0.0,3,40,60	0.0,3,40,60	0.0,3,40,60	0.0,3,40,60	0.0,3,40,60	0.0,3,40,60	0.0,3,40,60	0.0,3,40,60	0.0,3,40,60	0.0,3,40,60	0.0,3,40,60	0.0,3,40,60	0.0,3,40,60	0.0,3,40,60
0.0,3,40,60	0.0,3,40,60	0.0,3,40,60	0.0,3,40,60	0.0,3,40,60	0.0,3,40,60	9.0,3,40,60	108.0,3,39,60	265.0,3,38,59	156.0,3,39,59	520.0,4,35,57	508.0,4,35,57	512.0,4,35,57	1025.0,5,30,54	874.0,4,32,55	738.0,4,33,56	471.0,3,36,57	144.0,3,39,60	76.0,3,40,60	49.0,3,40,60	34.0,3,40,60	17.0,3,40,60	33.0,3,40,60	50.0,3,40,60	74.0,3,40,60	90.0,3,40,60	108.0,3,39,60	133.0,3,39,60	176.0,3,39,59	211.0,3,38,59	252.0,3,38,59	311.0,3,37,58	354.0,3,37,58	461.0,3,36,57	538.0,4,35,57	596.0,4,35,57	652.0,4,34,56	749.0,4,33,56	844.0,4,32,55	904.0,4,31,54	935.0,4,31,54	1026.0,5,30,54	1035.0,5,30,54	1018.0,5,30,54	964.0,4,31,54	882.0,4,32,55	778.0,4,33,55	674.0,4,34,56	594.0,4,35,57	347.0,3,37,58	254.0,3,38,59	407.0,3,36,58	322.0,3,37,58	183.0,3,39,59	0.0,3,40,60	0.0,3,40,60	0.0,3,40,60	0.0,3,40,60	0.0,3,40,60	0.0,3,40,60	0.0,3,40,60	0.0,3,40,60	0.0,3,40,60	0.0,3,40,60	0.0,3,40,60	0.0,3,40,60	0.0,3,40,60	0.0,3,40,60	0.0,3,40,60	0.0,3,40,60
0.0,3,40,60	0.0,3,40,60	0.0,3,40,60	0.0,3,40,60	0.0,3,40,60	0.0,3,40,60	0.0,3,40,60	20.0,3,40,60	71.0,3,40,60	293.0,3,38,59	465.0,3,36,57	190.0,3,39,59	703.0,4,33,56	914.0,4,31,54	870.0,4,32,55	687.0,4,34,56	331.0,3,37,58	144.0,3,39,60	66.0,3,40,60	38.0,3,40,60	28.0,3,40,60	19.0,3,40,60	32.0,3,40,60	47.0,3,40,60	74.0,3,40,60	98.0,3,40,60	119.0,3,39,60	140.0,3,39,60	203.0,3,38,59	235.0,3,38,59	270.0,3,38,59	324.0,3,37,58	370.0,3,37,58	474.0,3,36,57	552.0,4,35,57	630.0,4,34,56	703.0,4,33,56	816.0,4,32,55	913.0,4,31,54	983.0,4,31,54	1028.0,5,30,54	1075.0,5,30,53	1104.0,5,29,53	1107.0,5,29,53	1051.0,5,30,53	965.0,4,31,54	872.0,4,32,55	753.0,4,33,55	493.0,3,36,57	332.0,3,37,58	456.0,3,36,57	469.0,3,36,57	383.0,3,37,58	314.0,3,37,58	123.0,3,39,60	91.0,3,40,60	80.0,3,40,60	60.0,3,40,60	0.0,3,40,60	0.0,3,40,60	0.0,3,40,60	0.0,3,40,60	0.0,3,40,60	0.0,3,40,60	0.0,3,40,60	0.0,3,40,60	0.0,3,40,60	0.0,3,40,60	0.0,3,40,60	0.0,3,40,60
0.0,3,40,60	0.0,3,40,60	0.0,3,40,60	0.0,3,40,60	0.0,3,40,60	0.0,3,40,60	0.0,3,40,60	11.0,3,40,60	63.0,3,40,60	123.0,3,39,60	419.0,3,36,58	254.0,3,38,59	695.0,4,34,56	731.0,4,33,56	793.0,4,33,55	569.0,4,35,57	446.0,3,36,58	133.0,3,39,60	53.0,3,40,60	29.0,3,40,60	20.0,3,40,60	15.0,3,40,60	24.0,3,40,60	45.0,3,40,60	77.0,3,40,60	99.0,3,40,60	119.0,3,39,60	148.0,3,39,60	186.0,3,39,59	241.0,3,38,59	285.0,3,38,59	335.0,3,37,58	395.0,3,37,58	490.0,3,36,57	559.0,4,35,57	641.0,4,34,56	724.0,4,33,56	837.0,4,32,55	959.0,4,31,54	1030.0,5,30,54	1080.0,5,30,53	1122.0,5,29,53	1176.0,5,29,53	1166.0,5,29,53	1145.0,5,29,53	1012.0,5,30,54	910.0,4,31,54	735.0,4,33,56	531.0,4,35,57	464.0,3,36,57	543.0,4,35,57	522.0,4,35,57	431.0,3,36,58	393.0,3,37,58	241.0,3,38,59	185.0,3,39,59	138.0,3,39,60	101.0,3,39,60	46.0,3,40,60	0.0,3,40,60	0.0,3,40,60	0.0,3,40,60	0.0,3,40,60	0.0,3,40,60	0.0,3,40,60	0.0,3,40,60	0.0,3,40,60	0.0,3,40,60	0.0,3,40,60	0.0,3,40,60
0.0,3,40,60	0.0,3,40,60	0.0,3,40,60	0.0,3,40,60	0.0,3,40,60	0.0,3,40,60	0.0,3,40,60	6.0,3,40,60	17.0,3,40,60	60.0,3,40,60	169.0,3,39,59	220.0,3,38,59	561.0,4,35,57	630.0,4,34,56	734.0,4,33,56	651.0,4,34,56	308.0,3,37,58	126.0,3,39,60	47.0,3,40,60	19.0,3,40,60	15.0,3,40,60	11.0,3,40,60	17.0,3,40,60	41.0,3,40,60	72.0,3,40,60	98.0,3,40,60	123.0,3,39,60	153.0,3,39,59	199.0,3,39,59	243.0,3,38,59	289.0,3,38,59	336.0,3,37,58	417.0,3,36,58	501.0,4,35,57	580.0,4,35,57	656.0,4,34,56	751.0,4,33,55	872.0,4,32,55	1019.0,5,30,54	1076.0,5,30,53	1119.0,5,29,53	1197.0,5,29,53	1253.0,5,28,52	1231.0,5,28,52	1199.0,5,29,53	1079.0,5,30,53	980.0,4,31,54	612.0,4,34,56	544.0,4,35,57	674.0,4,34,56	599.0,4,35,57	527.0,4,35,57	470.0,3,36,57	449.0,3,36,58	293.0,3,38,59	263.0,3,38,59	190.0,3,39,59	139.0,3,39,60	81.0,3,40,60	0.0,3,40,60	0.0,3,40,60	0.0,3,40,60	0.0,3,40,60	0.0,3,40,60	0.0,3,40,60	0.0,3,40,60	0.0,3,40,60	0.0,3,40,60	0.0,3,40,60	0.0,3,40,60
0.0,3,40,60	0.0,3,40,60	0.0,3,40,60	0.0,3,40,60	0.0,3,40,60	0.0,3,40,60	0.0,3,40,60	0.0,3,40,60	0.0,3,40,60	-1.0,3,40,60	42.0,3,40,60	84.0,3,40,60	416.0,3,36,58	556.0,4,35,57	676.0,4,34,56	576.0,4,35,57	376.0,3,37,58	92.0,3,40,60	26.0,3,40,60	9.0,3,40,60	5.0,3,40,60	4.0,3,40,60	17.0,3,40,60	35.0,3,40,60	64.0,3,40,60	96.0,3,40,60	128.0,3,39,60	153.0,3,39,59	199.0,3,39,59	250.0,3,38,59	292.0,3,38,59	335.0,3,37,58	435.0,3,36,58	533.0,4,35,57	618.0,4,34,56	708.0,4,33,56	799.0,4,33,55	911.0,4,31,54	1081.0,5,30,53	1172.0,5,29,53	1229.0,5,28,52	1295.0,5,28,52	1364.0,5,27,51	1351.0,5,27,51	1292.0,5,28,52	1152.0,5,29,53	1042.0,5,30,54	684.0,4,34,56	845.0,4,32,55	755.0,4,33,55	696.0,4,34,56	609.0,4,34,56	572.0,4,35,57	509.0,4,35,57	411.0,3,36,58	362.0,3,37,58	269.0,3,38,59	233.0,3,38,59	152.0,3,39,59	84.0,3,40,60	7.0,3,40,60	0.0,3,40,60	0.0,3,40,60	0.0,3,40,60	0.0,3,40,60	0.0,3,40,60	0.0,3,40,60	0.0,3,40,60	0.0,3,40,60	0.0,3,40,60
0.0,3,40,60	0.0,3,40,60	0.0,3,40,60	0.0,3,40,60	0.0,3,40,60	0.0,3,40,60	0.0,3,40,60	0.0,3,40,60	0.0,3,40,60	0.0,3,40,60	16.0,3,40,60	43.0,3,40,60	248.0,3,38,59	436.0,3,36,58	602.0,4,34,56	515.0,4,35,57	327.0,3,37,58	64.0,3,40,60	17.0,3,40,60	4.0,3,40,60	5.0,3,40,60	3.0,3,40,60	45.0,3,40,60	31.0,3,40,60	64.0,3,40,60	99.0,3,40,60	145.0,3,39,60	168.0,3,39,59	206.0,3,38,59	260.0,3,38,59	299.0,3,38,59	374.0,3,37,58	452.0,3,36,57	549.0,4,35,57	641.0,4,34,56	716.0,4,33,56	821.0,4,32,55	931.0,4,31,54	1098.0,5,30,53	1221.0,5,28,52	1294.0,5,28,52	1364.0,5,27,51	1462.0,5,26,51	1412.0,5,26,51	1361.0,5,27,51	1219.0,5,28,52	921.0,4,31,54	762.0,4,33,55	886.0,4,32,55	797.0,4,33,55	757.0,4,33,55	637.0,4,34,56	599.0,4,35,57	553.0,4,35,57	479.0,3,36,57	377.0,3,37,58	325.0,3,37,58	271.0,3,38,59	206.0,3,38,59	136.0,3,39,60	37.0,3,40,60	19.0,3,40,60	0.0,3,40,60	0.0,3,40,60	0.0,3,40,60	0.0,3,40,60	0.0,3,40,60	0.0,3,40,60	0.0,3,40,60	0.0,3,40,60
0.0,3,40,60	0.0,3,40,60	0.0,3,40,60	0.0,3,40,60	0.0,3,40,60	0.0,3,40,60	0.0,3,40,60	0.0,3,40,60	0.0,3,40,60	0.0,3,40,60	0.0,3,40,60	2.0,3,40,60	42.0,3,40,60	298.0,3,38,59	458.0,3,36,57	406.0,3,36,58	273.0,3,38,59	40.0,3,40,60	2.0,3,40,60	2.0,3,40,60	-5.0,3,40,60	4.0,3,40,60	9.0,3,40,60	31.0,3,40,60	60.0,3,40,60	91.0,3,40,60	157.0,3,39,59	184.0,3,39,59	230.0,3,38,59	271.0,3,38,59	328.0,3,37,58	384.0,3,37,58	465.0,3,36,57	575.0,4,35,57	675.0,4,34,56	751.0,4,33,55	842.0,4,32,55	958.0,4,31,54	1147.0,5,29,53	1289.0,5,28,52	1403.0,5,26,51	1489.0,5,26,51	1553.0,5,25,50	1511.0,5,25,50	1442.0,5,26,51	1330.0,5,27,52	1006.0,5,30,54	851.0,4,32,55	976.0,4,31,54	890.0,4,32,55	822.0,4,32,55	726.0,4,33,56	694.0,4,34,56	639.0,4,34,56	579.0,4,35,57	488.0,3,36,57	415.0,3,36,58	347.0,3,37,58	263.0,3,38,59	208.0,3,38,59	116.0,3,39,60	23.0,3,40,60	35.0,3,40,60	21.0,3,40,60	0.0,3,40,60	0.0,3,40,60	0.0,3,40,60	0.0,3,40,60	0.0,3,40,60	0.0,3,40,60
0.0,3,40,60	0.0,3,40,60	0.0,3,40,60	0.0,3,40,60	0.0,3,40,60	0.0,3,40,60	0.0,3,40,60	0.0,3,40,60	0.0,3,40,60	0.0,3,40,60	0.0,3,40,60	0.0,3,40,60	0.0,3,40,60	146.0,3,39,60	327.0,3,37,58	365.0,3,37,58	231.0,3,38,59	31.0,3,40,60	0.0,3,40,60	0.0,3,40,60	0.0,3,40,60	-5.0,3,40,60	5.0,3,40,60	29.0,3,40,60	58.0,3,40,60	90.0,3,40,60	125.0,3,39,60	188.0,3,39,59	242.0,3,38,59	279.0,3,38,59	336.0,3,37,58	402.0,3,36,58	482.0,3,36,57	584.0,4,35,57	681.0,4,34,56	774.0,4,33,55	865.0,4,32,55	1000.0,5,30,54	1188.0,5,29,53	1316.0,5,27,52	1434.0,5,26,51	1579.0,5,25,50	1627.0,5,24,50	1619.0,5,24,50	1496.0,5,26,51	1376.0,5,27,51	1269.0,5,28,52	924.0,4,31,54	994.0,4,31,54	943.0,4,31,54	857.0,4,32,55	781.0,4,33,55	735.0,4,33,56	703.0,4,33,56	642.0,4,34,56	561.0,4,35,57	478.0,3,36,57	396.0,3,37,58	328.0,3,37,58	245.0,3,38,59	175.0,3,39,59	66.0,3,40,60	45.0,3,40,60	31.0,3,40,60	26.0,3,40,60	0.0,3,40,60	0.0,3,40,60	0.0,3,40,60	0.0,3,40,60	0.0,3,40,60
0.0,3,40,60	0.0,3,40,60	0.0,3,40,60	0.0,3,40,60	0.0,3,40,60	0.0,3,40,60	0.0,3,40,60	0.0,3,40,60	0.0,3,40,60	0.0,3,40,60	0.0,3,40,60	0.0,3,40,60	0.0,3,40,60	0.0,3,40,60	145.0,3,39,60	227.0,3,38,59	146.0,3,39,60	6.0,3,40,60	0.0,3,40,60	0.0,3,40,60	0.0,3,40,60	0.0,3,40,60	3.0,3,40,60	21.0,3,40,60	66.0,3,40,60	95.0,3,40,60	134.0,3,39,60	184.0,3,39,59	241.0,3,38,59	300.0,3,37,58	346.0,3,37,58	422.0,3,36,58	497.0,3,36,57	585.0,4,35,57	698.0,4,34,56	790.0,4,33,55	899.0,4,32,55	1062.0,5,30,53	1178.0,5,29,53	1354.0,5,27,51	1512.0,5,25,50	1633.0,5,24,50	1739.0,5,23,49	1751.0,5,23,49	1647.0,5,24,50	1522.0,5,25,50	1392.0,5,27,51	1057.0,5,30,53	1127.0,5,29,53	1060.0,5,30,53	958.0,4,31,54	881.0,4,32,55	830.0,4,32,55	789.0,4,33,55	765.0,4,33,55	673.0,4,34,56	548.0,4,35,57	508.0,4,35,57	415.0,3,36,58	395.0,3,37,58	275.0,3,38,59	156.0,3,39,59	81.0,3,40,60	64.0,3,40,60	36.0,3,40,60	0.0,3,40,60	0.0,3,40,60	0.0,3,40,60	0.0,3,40,60	0.0,3,40,60
0.0,3,40,60	0.0,3,40,60	0.0,3,40,60	0.0,3,40,60	0.0,3,40,60	0.0,3,40,60	0.0,3,40,60	0.0,3,40,60	0.0,3,40,60	0.0,3,40,60	0.0,3,40,60	0.0,3,40,60	0.0,3,40,60	0.0,3,40,60	22.0,3,40,60	147.0,3,39,60	104.0,3,39,60	0.0,3,40,60	0.0,3,40,60	0.0,3,40,60	0.0,3,40,60	0.0,3,40,60	5.0,3,40,60	27.0,3,40,60	63.0,3,40,60	113.0,3,39,60	140.0,3,39,60	190.0,3,39,59	241.0,3,38,59	311.0,3,37,58	353.0,3,37,58	423.0,3,36,58	495.0,3,36,57	591.0,4,35,57	688.0,4,34,56	793.0,4,33,55	941.0,4,31,54	1091.0,5,30,53	1246.0,5,28,52	1394.0,5,27,51	1568.0,5,25,50	1683.0,5,24,49	1840.0,5,22,48	1857.0,5,22,48	1751.0,5,23,49	1616.0,5,24,50	1393.0,5,27,51	1133.0,5,29,53	1222.0,5,28,52	1112.0,5,29,53	1037.0,5,30,54	945.0,4,31,54	877.0,4,32,55	863.0,4,32,55	822.0,4,32,55	721.0,4,33,56	632.0,4,34,56	565.0,4,35,57	480.0,3,36,57	470.0,3,36,57	355.0,3,37,58	214.0,3,38,59	115.0,3,39,60	85.0,3,40,60	53.0,3,40,60	0.0,3,40,60	0.0,3,40,60	0.0,3,40,60	0.0,3,40,60	0.0,3,40,60
0.0,3,40,60	0.0,3,40,60	0.0,3,40,60	0.0,3,40,60	0.0,3,40,60	0.0,3,40,60	0.0,3,40,60	0.0,3,40,60	0.0,3,40,60	0.0,3,40,60	0.0,3,40,60	0.0,3,40,60	0.0,3,40,60	0.0,3,40,60	0.0,3,40,60	93.0,3,40,60	19.0,3,40,60	0.0,3,40,60	0.0,3,40,60	0.0,3,40,60	0.0,3,40,60	0.0,3,40,60	0.0,3,40,60	37.0,3,40,60	70.0,3,40,60	106.0,3,39,60	141.0,3,39,60	184.0,3,39,59	244.0,3,38,59	303.0,3,37,58	355.0,3,37,58	422.0,3,36,58	501.0,4,35,57	616.0,4,34,56	713.0,4,33,56	830.0,4,32,55	954.0,4,31,54	1127.0,5,29,53	1270.0,5,28,52	1424.0,5,26,51	1611.0,5,24,50	1760.0,5,23,49	1949.0,5,21,48	1926.0,5,21,48	1819.0,5,22,48	1718.0,5,23,49	1357.0,5,27,51	1239.0,5,28,52	1309.0,5,27,52	1192.0,5,29,53	1119.0,5,29,53	1011.0,5,30,54	946.0,4,31,54	931.0,4,31,54	883.0,4,32,55	773.0,4,33,55	728.0,4,33,56	649.0,4,34,56	580.0,4,35,57	514.0,4,35,57	420.0,3,36,58	282.0,3,38,59	144.0,3,39,60	138.0,3,39,60	87.0,3,40,60	27.0,3,40,60	0.0,3,40,60	0.0,3,40,60	0.0,3,40,60	0.0,3,40,60
0.0,3,40,60	0.0,3,40,60	0.0,3,40,60	0.0,3,40,60	0.0,3,40,60	0.0,3,40,60	0.0,3,40,60	0.0,3,40,60	0.0,3,40,60	0.0,3,40,60	0.0,3,40,60	0.0,3,40,60	0.0,3,40,60	0.0,3,40,60	0.0,3,40,60	0.0,3,40,60	0.0,3,40,60	0.0,3,40,60	0.0,3,40,60	0.0,3,40,60	0.0,3,40,60	0.0,3,40,60	0.0,3,40,60	32.0,3,40,60	66.0,3,40,60	101.0,3,39,60	134.0,3,39,60	190.0,3,39,59	248.0,3,38,59	324.0,3,37,58	384.0,3,37,58	455.0,3,36,57	526.0,4,35,57	640.0,4,34,56	729.0,4,33,56	850.0,4,32,55	997.0,4,31,54	1183.0,5,29,53	1334.0,5,27,52	1500.0,5,25,50	1681.0,5,24,49	1873.0,5,22,48	2081.0,5,20,47	2037.0,5,20,47	1966.0,5,21,47	1870.0,5,22,48	1541.0,5,25,50	1458.0,5,26,51	1406.0,5,26,51	1307.0,5,27,52	1217.0,5,28,52	1095.0,5,30,53	1055.0,5,30,53	1052.0,5,30,53	1003.0,5,30,54	912.0,4,31,54	871.0,4,32,55	798.0,4,33,55	729.0,4,33,56	680.0,4,34,56	568.0,4,35,57	415.0,3,36,58	242.0,3,38,59	212.0,3,38,59	110.0,3,39,60	41.0,3,40,60	0.0,3,40,60	0.0,3,40,60	0.0,3,40,60	0.0,3,40,60
0.0,3,40,60	0.0,3,40,60	0.0,3,40,60	0.0,3,40,60	0.0,3,40,60	0.0,3,40,60	0.0,3,40,60	0.0,3,40,60	0.0,3,40,60	0.0,3,40,60	0.0,3,40,60	0.0,3,40,60	0.0,3,40,60	0.0,3,40,60	0.0,3,40,60	0.0,3,40,60	0.0,3,40,60	0.0,3,40,60	0.0,3,40,60	0.0,3,40,60	0.0,3,40,60	0.0,3,40,60	0.0,3,40,60	14.0,3,40,60	51.0,3,40,60	96.0,3,40,60	131.0,3,39,60	182.0,3,39,59	256.0,3,38,59	335.0,3,37,58	396.0,3,37,58	463.0,3,36,57	551.0,4,35,57	665.0,4,34,56	769.0,4,33,55	888.0,4,32,55	1010.0,5,30,54	1213.0,5,28,52	1360.0,5,27,51	1558.0,5,25,50	1715.0,5,23,49	1930.0,5,21,48	2079.0,5,20,47	2102.0,5,19,46	2065.0,5,20,47	1701.0,5,23,49	1641.0,5,24,50	1592.0,5,25,50	1461.0,5,26,51	1382.0,5,27,51	1282.0,5,28,52	1162.0,5,29,53	1154.0,5,29,53	1141.0,5,29,53	1018.0,5,30,54	992.0,4,31,54	949.0,4,31,54	903.0,4,31,54	835.0,4,32,55	824.0,4,32,55	728.0,4,33,56	536.0,4,35,57	354.0,3,37,58	248.0,3,38,59	126.0,3,39,60	38.0,3,40,60	0.0,3,40,60	0.0,3,40,60	0.0,3,40,60	0.0,3,40,60
0.0,3,40,60	0.0,3,40,60	0.0,3,40,60	0.0,3,40,60	0.0,3,40,60	0.0,3,40,60	0.0,3,40,60	0.0,3,40,60	0.0,3,40,60	0.0,3,40,60	0.0,3,40,60	0.0,3,40,60	0.0,3,40,60	0.0,3,40,60	0.0,3,40,60	0.0,3,40,60	0.0,3,40,60	0.0,3,40,60	0.0,3,40,60	0.0,3,40,60	0.0,3,40,60	0.0,3,40,60	0.0,3,40,60	11.0,3,40,60	50.0,3,40,60	80.0,3,40,60	150.0,3,39,59	188.0,3,39,59	279.0,3,38,59	341.0,3,37,58	414.0,3,36,58	486.0,3,36,57	588.0,4,35,57	696.0,4,34,56	820.0,4,32,55	943.0,4,31,54	1065.0,5,30,53	1273.0,5,28,52	1458.0,5,26,51	1615.0,5,24,50	1810.0,5,22,48	1992.0,5,21,47	2155.0,5,19,46	2208.0,5,18,46	2194.0,5,19,46	1768.0,5,23,49	1833.0,5,22,48	1754.0,5,23,49	1639.0,5,24,50	1536.0,5,25,50	1419.0,5,26,51	1332.0,5,27,52	1304.0,5,27,52	1294.0,5,28,52	1257.0,5,28,52	1159.0,5,29,53	1118.0,5,29,53	1057.0,5,30,53	1008.0,5,30,54	878.0,4,32,55	737.0,4,33,56	532.0,4,35,57	382.0,3,37,58	268.0,3,38,59	184.0,3,39,59	42.0,3,40,60	0.0,3,40,60	0.0,3,40,60	0.0,3,40,60	0.0,3,40,60
0.0,3,40,60	0.0,3,40,60	0.0,3,40,60	0.0,3,40,60	0.0,3,40,60	0.0,3,40,60	0.0,3,40,60	0.0,3,40,60	0.0,3,40,60	0.0,3,40,60	0.0,3,40,60	0.0,3,40,60	0.0,3,40,60	0.0,3,40,60	0.0,3,40,60	0.0,3,40,60	0.0,3,40,60	0.0,3,40,60	0.0,3,40,60	0.0,3,40,60	0.0,3,40,60	0.0,3,40,60	0.0,3,40,60	9.0,3,40,60	45.0,3,40,60	82.0,3,40,60	138.0,3,39,60	194.0,3,39,59	293.0,3,38,59	354.0,3,37,58	421.0,3,36,58	510.0,4,35,57	613.0,4,34,56	727.0,4,33,56	840.0,4,32,55	986.0,4,31,54	1098.0,5,30,53	1307.0,5,27,52	1486.0,5,26,51	1681.0,5,24,49	1854.0,5,22,48	2037.0,5,20,47	2235.0,5,18,46	2302.0,5,17,45	2345.0,5,17,45	2065.0,5,20,47	1913.0,5,21,48	1861.0,5,22,48	1776.0,5,23,49	1660.0,5,24,49	1538.0,5,25,50	1468.0,5,26,51	1453.0,5,26,51	1404.0,5,26,51	1410.0,5,26,51	1291.0,5,28,52	1197.0,5,29,53	1155.0,5,29,53	1101.0,5,29,53	961.0,4,31,54	782.0,4,33,55	587.0,4,35,57	415.0,3,36,58	315.0,3,37,58	193.0,3,39,59	62.0,3,40,60	0.0,3,40,60	0.0,3,40,60	0.0,3,40,60	0.0,3,40,60
0.0,3,40,60	0.0,3,40,60	0.0,3,40,60	0.0,3,40,60	0.0,3,40,60	0.0,3,40,60	0.0,3,40,60	0.0,3,40,60	0.0,3,40,60	0.0,3,40,60	0.0,3,40,60	0.0,3,40,60	0.0,3,40,60	0.0,3,40,60	0.0,3,40,60	0.0,3,40,60	0.0,3,40,60	0.0,3,40,60	0.0,3,40,60	0.0,3,40,60	0.0,3,40,60	0.0,3,40,60	0.0,3,40,60	6.0,3,40,60	57.0,3,40,60	94.0,3,40,60	146.0,3,39,60	201.0,3,38,59	297.0,3,38,59	373.0,3,37,58	431.0,3,36,58	516.0,4,35,57	619.0,4,34,56	764.0,4,33,55	868.0,4,32,55	1022.0,5,30,54	1156.0,5,29,53	1318.0,5,27,52	1551.0,5,25,50	1756.0,5,23,49	1971.0,5,21,47	2144.0,5,19,46	2357.0,5,17,45	2462.0,5,16,44	2341.0,5,17,45	2010.0,5,20,47	1982.0,5,21,47	2001.0,5,20,47	2001.0,5,20,47	1879.0,5,22,48	1777.0,5,23,49	1717.0,5,23,49	1682.0,5,24,49	1613.0,5,24,50	1586.0,5,25,50	1454.0,5,26,51	1289.0,5,28,52	1280.0,5,28,52	1213.0,5,28,52	1069.0,5,30,53	856.0,4,32,55	715.0,4,33,56	533.0,4,35,57	427.0,3,36,58	250.0,3,38,59	98.0,3,40,60	4.0,3,40,60	0.0,3,40,60	0.0,3,40,60	0.0,3,40,60
0.0,3,40,60	0.0,3,40,60	0.0,3,40,60	0.0,3,40,60	0.0,3,40,60	0.0,3,40,60	0.0,3,40,60	0.0,3,40,60	0.0,3,40,60	0.0,3,40,60	0.0,3,40,60	0.0,3,40,60	0.0,3,40,60	0.0,3,40,60	0.0,3,40,60	0.0,3,40,60	0.0,3,40,60	0.0,3,40,60	0.0,3,40,60	0.0,3,40,60	0.0,3,40,60	0.0,3,40,60	0.0,3,40,60	8.0,3,40,60	50.0,3,40,60	102.0,3,39,60	153.0,3,39,59	209.0,3,38,59	289.0,3,38,59	374.0,3,37,58	451.0,3,36,57	535.0,4,35,57	623.0,4,34,56	791.0,4,33,55	905.0,4,31,54	1037.0,5,30,54	1184.0,5,29,53	1378.0,5,27,51	1569.0,5,25,50	1809.0,5,22,48	2039.0,5,20,47	2237.0,5,18,46	2443.0,5,16,44	2567.0,5,15,43	2257.0,5,18,45	2033.0,5,20,47	2022.0,5,20,47	2028.0,5,20,47	2144.0,5,19,46	2057.0,5,20,47	1954.0,5,21,47	1930.0,5,21,48	1864.0,5,22,48	1795.0,5,23,49	1724.0,5,23,49	1520.0,5,25,50	1381.0,5,27,51	1348.0,5,27,52	1264.0,5,28,52	1133.0,5,29,53	933.0,4,31,54	794.0,4,33,55	621.0,4,34,56	516.0,4,35,57	302.0,3,37,58	85.0,3,40,60	0.0,3,40,60	0.0,3,40,60	0.0,3,40,60	0.0,3,40,60
0.0,3,40,60	0.0,3,40,60	0.0,3,40,60	0.0,3,40,60	0.0,3,40,60	0.0,3,40,60	0.0,3,40,60	0.0,3,40,60	0.0,3,40,60	0.0,3,40,60	0.0,3,40,60	0.0,3,40,60	0.0,3,40,60	0.0,3,40,60	0.0,3,40,60	0.0,3,40,60	0.0,3,40,60	0.0,3,40,60	0.0,3,40,60	0.0,3,40,60	0.0,3,40,60	0.0,3,40,60	0.0,3,40,60	3.0,3,40,60	52.0,3,40,60	114.0,3,39,60	155.0,3,39,59	217.0,3,38,59	286.0,3,38,59	382.0,3,37,58	452.0,3,36,57	558.0,4,35,57	632.0,4,34,56	808.0,4,32,55	942.0,4,31,54	1083.0,5,30,53	1228.0,5,28,52	1449.0,5,26,51	1650.0,5,24,49	1881.0,5,22,48	2140.0,5,19,46	2335.0,5,17,45	2530.0,5,15,44	2691.0,5,14,43	2200.0,5,18,46	2062.0,5,20,47	2062.0,5,20,47	2024.0,5,20,47	2360.0,5,17,45	2251.0,5,18,45	2136.0,5,19,46	2124.0,5,19,46	2051.0,5,20,47	1939.0,5,21,48	1807.0,5,22,48	1662.0,5,24,49	1488.0,5,26,51	1428.0,5,26,51	1295.0,5,28,52	1173.0,5,29,53	997.0,4,31,54	830.0,4,32,55	733.0,4,33,56	506.0,4,35,57	309.0,3,37,58	88.0,3,40,60	0.0,3,40,60	0.0,3,40,60	0.0,3,40,60	0.0,3,40,60
0.0,3,40,60	0.0,3,40,60	0.0,3,40,60	0.0,3,40,60	0.0,3,40,60	0.0,3,40,60	0.0,3,40,60	0.0,3,40,60	0.0,3,40,60	0.0,3,40,60	0.0,3,40,60	0.0,3,40,60	0.0,3,40,60	0.0,3,40,60	0.0,3,40,60	0.0,3,40,60	0.0,3,40,60	0.0,3,40,60	0.0,3,40,60	0.0,3,40,60	0.0,3,40,60	0.0,3,40,60	0.0,3,40,60	12.0,3,40,60	59.0,3,40,60	107.0,3,39,60	157.0,3,39,59	233.0,3,38,59	313.0,3,37,58	406.0,3,36,58	485.0,3,36,57	578.0,4,35,57	691.0,4,34,56	840.0,4,32,55	973.0,4,31,54	1149.0,5,29,53	1322.0,5,27,52	1589.0,5,25,50	1784.0,5,23,49	2029.0,5,20,47	2303.0,5,17,45	2477.0,5,16,44	2699.0,5,14,43	2705.0,5,13,42	2192.0,5,19,46	2145.0,5,19,46	2136.0,5,19,46	2235.0,5,18,46	2680.0,5,14,43	2521.0,5,15,44	2417.0,5,16,44	2346.0,5,17,45	2254.0,5,18,45	2174.0,5,19,46	2042.0,5,20,47	1833.0,5,22,48	1616.0,5,24,50	1503.0,5,25,50	1332.0,5,27,52	1220.0,5,28,52	1049.0,5,30,54	861.0,4,32,55	747.0,4,33,56	481.0,3,36,57	274.0,3,38,59	109.0,3,39,60	0.0,3,40,60	0.0,3,40,60	0.0,3,40,60	0.0,3,40,60
0.0,3,40,60	0.0,3,40,60	0.0,3,40,60	0.0,3,40,60	0.0,3,40,60	0.0,3,40,60	0.0,3,40,60	0.0,3,40,60	0.0,3,40,60	0.0,3,40,60	0.0,3,40,60	0.0,3,40,60	0.0,3,40,60	0.0,3,40,60	0.0,3,40,60	0.0,3,40,60	0.0,3,40,60	0.0,3,40,60	0.0,3,40,60	0.0,3,40,60	0.0,3,40,60	0.0,3,40,60	0.0,3,40,60	1.0,3,40,60	57.0,3,40,60	114.0,3,39,60	174.0,3,39,59	244.0,3,38,59	334.0,3,37,58	430.0,3,36,58	505.0,4,35,57	600.0,4,34,56	711.0,4,33,56	882.0,4,32,55	1014.0,5,30,54	1209.0,5,28,52	1357.0,5,27,51	1643.0,5,24,50	1881.0,5,22,48	2151.0,5,19,46	2384.0,5,17,45	2551.0,5,15,43	2779.0,5,13,42	2596.0,5,15,43	2203.0,5,18,46	2199.0,5,19,46	2164.0,5,19,46	2157.0,5,19,46	2506.0,5,15,44	2343.0,5,17,45	2452.0,5,16,44	2446.0,5,16,44	2378.0,5,17,45	2077.0,5,20,47	2019.0,5,20,47	1805.0,5,22,48	1646.0,5,24,50	1499.0,5,26,51	1141.0,5,29,53	1260.0,5,28,52	1010.0,5,30,54	877.0,4,32,55	693.0,4,34,56	462.0,3,36,57	256.0,3,38,59	75.0,3,40,60	0.0,3,40,60	0.0,3,40,60	0.0,3,40,60	0.0,3,40,60
0.0,3,40,60	0.0,3,40,60	0.0,3,40,60	0.0,3,40,60	0.0,3,40,60	0.0,3,40,60	0.0,3,40,60	0.0,3,40,60	0.0,3,40,60	0.0,3,40,60	0.0,3,40,60	0.0,3,40,60	0.0,3,40,60	0.0,3,40,60	0.0,3,40,60	0.0,3,40,60	0.0,3,40,60	0.0,3,40,60	0.0,3,40,60	0.0,3,40,60	0.0,3,40,60	0.0,3,40,60	0.0,3,40,60	0.0,3,40,60	59.0,3,40,60	113.0,3,39,60	184.0,3,39,59	262.0,3,38,59	358.0,3,37,58	444.0,3,36,58	537.0,4,35,57	641.0,4,34,56	749.0,4,33,56	917.0,4,31,54	1096.0,5,30,53	1265.0,5,28,52	1488.0,5,26,51	1794.0,5,23,49	2033.0,5,20,47	2294.0,5,18,45	2521.0,5,15,44	2692.0,5,14,43	2870.0,5,12,41	2423.0,5,16,44	2254.0,5,18,45	2214.0,5,18,46	2194.0,5,19,46	2230.0,5,18,46	2332.0,5,17,45	2162.0,5,19,46	2086.0,5,20,47	2219.0,5,18,46	2141.0,5,19,46	2022.0,5,20,47	1673.0,5,24,49	1795.0,5,23,49	1693.0,5,24,49	1341.0,5,27,52	1038.0,5,30,54	1013.0,5,30,54	1044.0,5,30,54	814.0,4,32,55	614.0,4,34,56	437.0,3,36,58	296.0,3,38,59	53.0,3,40,60	0.0,3,40,60	0.0,3,40,60	0.0,3,40,60	0.0,3,40,60
0.0,3,40,60	0.0,3,40,60	0.0,3,40,60	0.0,3,40,60	0.0,3,40,60	0.0,3,40,60	0.0,3,40,60	0.0,3,40,60	0.0,3,40,60	0.0,3,40,60	0.0,3,40,60	0.0,3,40,60	0.0,3,40,60	0.0,3,40,60	0.0,3,40,60	0.0,3,40,60	0.0,3,40,60	0.0,3,40,60	0.0,3,40,60	0.0,3,40,60	0.0,3,40,60	0.0,3,40,60	0.0,3,40,60	0.0,3,40,60	38.0,3,40,60	112.0,3,39,60	192.0,3,39,59	266.0,3,38,59	378.0,3,37,58	463.0,3,36,57	560.0,4,35,57	673.0,4,34,56	790.0,4,33,55	958.0,4,31,54	1121.0,5,29,53	1338.0,5,27,52	1578.0,5,25,50	1850.0,5,22,48	2144.0,5,19,46	2364.0,5,17,45	2599.0,5,15,43	2793.0,5,13,42	2640.0,5,14,43	2390.0,5,17,45	2317.0,5,17,45	2228.0,5,18,46	2224.0,5,18,46	2306.0,5,17,45	2189.0,5,19,46	2115.0,5,19,46	2045.0,5,20,47	2073.0,5,20,47	2001.0,5,20,47	1825.0,5,22,48	1531.0,5,25,50	1422.0,5,26,51	1442.0,5,26,51	1209.0,5,28,52	990.0,4,31,54	907.0,4,31,54	774.0,4,33,55	775.0,4,33,55	569.0,4,35,57	387.0,3,37,58	186.0,3,39,59	61.0,3,40,60	0.0,3,40,60	0.0,3,40,60	0.0,3,40,60	0.0,3,40,60
0.0,3,40,60	0.0,3,40,60	0.0,3,40,60	0.0,3,40,60	0.0,3,40,60	0.0,3,40,60	0.0,3,40,60	0.0,3,40,60	0.0,3,40,60	0.0,3,40,60	0.0,3,40,60	0.0,3,40,60	0.0,3,40,60	0.0,3,40,60	0.0,3,40,60	0.0,3,40,60	0.0,3,40,60	0.0,3,40,60	0.0,3,40,60	0.0,3,40,60	0.0,3,40,60	0.0,3,40,60	0.0,3,40,60	0.0,3,40,60	40.0,3,40,60	111.0,3,39,60	199.0,3,39,59	280.0,3,38,59	389.0,3,37,58	481.0,3,36,57	587.0,4,35,57	690.0,4,34,56	819.0,4,32,55	988.0,4,31,54	1165.0,5,29,53	1411.0,5,26,51	1651.0,5,24,49	1913.0,5,21,48	2228.0,5,18,46	2434.0,5,16,44	2640.0,5,14,43	2877.0,5,12,41	2598.0,5,15,43	2494.0,5,16,44	2344.0,5,17,45	2303.0,5,17,45	2270.0,5,18,45	2256.0,5,18,45	2190.0,5,19,46	2089.0,5,20,47	2050.0,5,20,47	1963.0,5,21,47	1964.0,5,21,47	1740.0,5,23,49	1465.0,5,26,51	1275.0,5,28,52	1121.0,5,29,53	1009.0,5,30,54	950.0,4,31,54	875.0,4,32,55	748.0,4,33,56	666.0,4,34,56	520.0,4,35,57	319.0,3,37,58	154.0,3,39,59	47.0,3,40,60	0.0,3,40,60	0.0,3,40,60	0.0,3,40,60	0.0,3,40,60
0.0,3,40,60	0.0,3,40,60	0.0,3,40,60	0.0,3,40,60	0.0,3,40,60	0.0,3,40,60	0.0,3,40,60	0.0,3,40,60	0.0,3,40,60	0.0,3,40,60	0.0,3,40,60	0.0,3,40,60	0.0,3,40,60	0.0,3,40,60	0.0,3,40,60	0.0,3,40,60	0.0,3,40,60	0.0,3,40,60	0.0,3,40,60	0.0,3,40,60	0.0,3,40,60	0.0,3,40,60	0.0,3,40,60	0.0,3,40,60	39.0,3,40,60	102.0,3,39,60	202.0,3,38,59	308.0,3,37,58	415.0,3,36,58	502.0,4,35,57	628.0,4,34,56	725.0,4,33,56	883.0,4,32,55	1088.0,5,30,53	1300.0,5,27,52	1538.0,5,25,50	1802.0,5,22,48	2056.0,5,20,47	2336.0,5,17,45	2531.0,5,15,44	2740.0,5,13,42	2972.0,5,11,41	2838.0,5,12,42	2577.0,5,15,43	2386.0,5,17,45	2254.0,5,18,45	2228.0,5,18,46	2219.0,5,18,46	2276.0,5,18,45	2084.0,5,20,47	1941.0,5,21,48	1890.0,5,22,48	2288.0,5,18,45	1653.0,5,24,49	1532.0,5,25,50	1248.0,5,28,52	951.0,4,31,54	1183.0,5,29,53	1141.0,5,29,53	823.0,4,32,55	726.0,4,33,56	633.0,4,34,56	530.0,4,35,57	335.0,3,37,58	159.0,3,39,59	32.0,3,40,60	0.0,3,40,60	0.0,3,40,60	0.0,3,40,60	0.0,3,40,60
0.0,3,40,60	0.0,3,40,60	0.0,3,40,60	0.0,3,40,60	0.0,3,40,60	0.0,3,40,60	0.0,3,40,60	0.0,3,40,60	0.0,3,40,60	0.0,3,40,60	0.0,3,40,60	0.0,3,40,60	0.0,3,40,60	0.0,3,40,60	0.0,3,40,60	0.0,3,40,60	0.0,3,40,60	0.0,3,40,60	0.0,3,40,60	0.0,3,40,60	0.0,3,40,60	0.0,3,40,60	0.0,3,40,60	0.0,3,40,60	44.0,3,40,60	119.0,3,39,60	217.0,3,38,59	311.0,3,37,58	444.0,3,36,58	531.0,4,35,57	659.0,4,34,56	782.0,4,33,55	910.0,4,31,54	1149.0,5,29,53	1392.0,5,27,51	1638.0,5,24,50	1921.0,5,21,48	2164.0,5,19,46	2413.0,5,16,44	2636.0,5,14,43	2885.0,5,12,41	3035.0,5,10,40	2935.0,5,11,41	2522.0,5,15,44	2450.0,5,16,44	2255.0,5,18,45	2220.0,5,18,46	2220.0,5,18,46	2191.0,5,19,46	2091.0,5,20,47	1858.0,5,22,48	1823.0,5,22,48	2219.0,5,18,46	1810.0,5,22,48	1520.0,5,25,50	1292.0,5,28,52	994.0,4,31,54	847.0,4,32,55	1196.0,5,29,53	817.0,4,32,55	926.0,4,31,54	627.0,4,34,56	529.0,4,35,57	308.0,3,37,58	129.0,3,39,60	19.0,3,40,60	0.0,3,40,60	0.0,3,40,60	0.0,3,40,60	0.0,3,40,60
0.0,3,40,60	0.0,3,40,60	0.0,3,40,60	0.0,3,40,60	0.0,3,40,60	0.0,3,40,60	0.0,3,40,60	0.0,3,40,60	0.0,3,40,60	0.0,3,40,60	0.0,3,40,60	0.0,3,40,60	0.0,3,40,60	0.0,3,40,60	0.0,3,40,60	0.0,3,40,60	0.0,3,40,60	0.0,3,40,60	0.0,3,40,60	0.0,3,40,60	0.0,3,40,60	0.0,3,40,60	0.0,3,40,60	0.0,3,40,60	53.0,3,40,60	124.0,3,39,60	210.0,3,38,59	318.0,3,37,58	474.0,3,36,57	590.0,4,35,57	695.0,4,34,56	832.0,4,32,55	949.0,4,31,54	1266.0,5,28,52	1515.0,5,25,50	1732.0,5,23,49	2028.0,5,20,47	2289.0,5,18,45	2548.0,5,15,44	2796.0,5,13,42	2840.0,5,12,42	2800.0,5,12,42	2842.0,5,12,42	2808.0,5,12,42	2746.0,5,13,42	2552.0,5,15,43	2391.0,5,17,45	2489.0,5,16,44	2492.0,5,16,44	2142.0,5,19,46	1688.0,5,24,49	1699.0,5,24,49	2037.0,5,20,47	1915.0,5,21,48	1779.0,5,23,49	1271.0,5,28,52	1103.0,5,29,53	799.0,4,33,55	757.0,4,33,55	1076.0,5,30,53	817.0,4,32,55	686.0,4,34,56	450.0,3,36,57	263.0,3,38,59	113.0,3,39,60	0.0,3,40,60	0.0,3,40,60	0.0,3,40,60	0.0,3,40,60	0.0,3,40,60
0.0,3,40,60	0.0,3,40,60	0.0,3,40,60	0.0,3,40,60	0.0,3,40,60	0.0,3,40,60	0.0,3,40,60	0.0,3,40,60	0.0,3,40,60	0.0,3,40,60	0.0,3,40,60	0.0,3,40,60	0.0,3,40,60	0.0,3,40,60	0.0,3,40,60	0.0,3,40,60	0.0,3,40,60	0.0,3,40,60	0.0,3,40,60	0.0,3,40,60	0.0,3,40,60	0.0,3,40,60	0.0,3,40,60	0.0,3,40,60	44.0,3,40,60	118.0,3,39,60	217.0,3,38,59	328.0,3,37,58	478.0,3,36,57	628.0,4,34,56	733.0,4,33,56	864.0,4,32,55	1011.0,5,30,54	1346.0,5,27,52	1611.0,5,24,50	1818.0,5,22,48	2092.0,5,20,47	2396.0,5,17,45	2684.0,5,14,43	2778.0,5,13,42	2702.0,5,13,42	2687.0,5,14,43	2713.0,5,13,42	2629.0,5,14,43	2580.0,5,15,43	2463.0,5,16,44	2235.0,5,18,46	2245.0,5,18,46	2256.0,5,18,45	2204.0,5,18,46	1610.0,5,24,50	1590.0,5,25,50	1892.0,5,22,48	1779.0,5,23,49	1664.0,5,24,49	1418.0,5,26,51	1031.0,5,30,54	956.0,4,31,54	728.0,4,33,56	1005.0,5,30,54	822.0,4,32,55	598.0,4,35,57	391.0,3,37,58	216.0,3,38,59	80.0,3,40,60	0.0,3,40,60	0.0,3,40,60	0.0,3,40,60	0.0,3,40,60	0.0,3,40,60
0.0,3,40,60	0.0,3,40,60	0.0,3,40,60	0.0,3,40,60	0.0,3,40,60	0.0,3,40,60	0.0,3,40,60	0.0,3,40,60	0.0,3,40,60	0.0,3,40,60	0.0,3,40,60	0.0,3,40,60	0.0,3,40,60	0.0,3,40,60	0.0,3,40,60	0.0,3,40,60	0.0,3,40,60	0.0,3,40,60	0.0,3,40,60	0.0,3,40,60	0.0,3,40,60	0.0,3,40,60	0.0,3,40,60	0.0,3,40,60	33.0,3,40,60	107.0,3,39,60	232.0,3,38,59	346.0,3,37,58	521.0,4,35,57	652.0,4,34,56	791.0,4,33,55	922.0,4,31,54	1108.0,5,29,53	1455.0,5,26,51	1708.0,5,23,49	1918.0,5,21,48	2130.0,5,19,46	2536.0,5,15,44	2531.0,5,15,44	2494.0,5,16,44	2523.0,5,15,44	2464.0,5,16,44	2441.0,5,16,44	2312.0,5,17,45	2245.0,5,18,46	2129.0,5,19,46	1964.0,5,21,47	1883.0,5,22,48	1854.0,5,22,48	1815.0,5,22,48	1520.0,5,25,50	1427.0,5,26,51	1656.0,5,24,49	1570.0,5,25,50	1562.0,5,25,50	1434.0,5,26,51	949.0,4,31,54	874.0,4,32,55	604.0,4,34,56	875.0,4,32,55	686.0,4,34,56	383.0,3,37,58	264.0,3,38,59	132.0,3,39,60	27.0,3,40,60	0.0,3,40,60	0.0,3,40,60	0.0,3,40,60	0.0,3,40,60	0.0,3,40,60
0.0,3,40,60	0.0,3,40,60	0.0,3,40,60	0.0,3,40,60	0.0,3,40,60	0.0,3,40,60	0.0,3,40,60	0.0,3,40,60	0.0,3,40,60	0.0,3,40,60	0.0,3,40,60	0.0,3,40,60	0.0,3,40,60	0.0,3,40,60	0.0,3,40,60	0.0,3,40,60	0.0,3,40,60	0.0,3,40,60	0.0,3,40,60	0.0,3,40,60	0.0,3,40,60	0.0,3,40,60	0.0,3,40,60	0.0,3,40,60	36.0,3,40,60	116.0,3,39,60	233.0,3,38,59	359.0,3,37,58	531.0,4,35,57	676.0,4,34,56	826.0,4,32,55	958.0,4,31,54	1160.0,5,29,53	1519.0,5,25,50	1784.0,5,23,49	1974.0,5,21,47	2203.0,5,18,46	2490.0,5,16,44	2411.0,5,16,44	2364.0,5,17,45	2382.0,5,17,45	2314.0,5,17,45	2213.0,5,18,46	2081.0,5,20,47	2032.0,5,20,47	1932.0,5,21,48	1727.0,5,23,49	1650.0,5,24,49	1621.0,5,24,50	1600.0,5,24,50	1631.0,5,24,50	1323.0,5,27,52	1506.0,5,25,50	1425.0,5,26,51	1416.0,5,26,51	1314.0,5,27,52	1161.0,5,29,53	783.0,4,33,55	548.0,4,35,57	764.0,4,33,55	551.0,4,35,57	331.0,3,37,58	198.0,3,39,59	91.0,3,40,60	0.0,3,40,60	0.0,3,40,60	0.0,3,40,60	0.0,3,40,60	0.0,3,40,60	0.0,3,40,60
0.0,3,40,60	0.0,3,40,60	0.0,3,40,60	0.0,3,40,60	0.0,3,40,60	0.0,3,40,60	0.0,3,40,60	0.0,3,40,60	0.0,3,40,60	0.0,3,40,60	0.0,3,40,60	0.0,3,40,60	0.0,3,40,60	0.0,3,40,60	0.0,3,40,60	0.0,3,40,60	0.0,3,40,60	0.0,3,40,60	0.0,3,40,60	0.0,3,40,60	0.0,3,40,60	0.0,3,40,60	0.0,3,40,60	0.0,3,40,60	26.0,3,40,60	130.0,3,39,60	242.0,3,38,59	382.0,3,37,58	560.0,4,35,57	732.0,4,33,56	873.0,4,32,55	1017.0,5,30,54	1206.0,5,28,52	1577.0,5,25,50	1822.0,5,22,48	2095.0,5,20,47	2315.0,5,17,45	2308.0,5,17,45	2299.0,5,18,45	2264.0,5,18,45	2230.0,5,18,46	2160.0,5,19,46	2029.0,5,20,47	1879.0,5,22,48	1834.0,5,22,48	1706.0,5,23,49	1554.0,5,25,50	1459.0,5,26,51	1419.0,5,26,51	1382.0,5,27,51	1417.0,5,26,51	1208.0,5,28,52	1338.0,5,27,52	1252.0,5,28,52	1295.0,5,28,52	1156.0,5,29,53	1083.0,5,30,53	752.0,4,33,55	546.0,4,35,57	615.0,4,34,56	432.0,3,36,58	256.0,3,38,59	55.0,3,40,60	0.0,3,40,60	0.0,3,40,60	0.0,3,40,60	0.0,3,40,60	0.0,3,40,60	0.0,3,40,60	0.0,3,40,60
0.0,3,40,60	0.0,3,40,60	0.0,3,40,60	0.0,3,40,60	0.0,3,40,60	0.0,3,40,60	0.0,3,40,60	0.0,3,40,60	0.0,3,40,60	0.0,3,40,60	0.0,3,40,60	0.0,3,40,60	0.0,3,40,60	0.0,3,40,60	0.0,3,40,60	0.0,3,40,60	0.0,3,40,60	0.0,3,40,60	0.0,3,40,60	0.0,3,40,60	0.0,3,40,60	0.0,3,40,60	0.0,3,40,60	0.0,3,40,60	44.0,3,40,60	144.0,3,39,60	267.0,3,38,59	416.0,3,36,58	603.0,4,34,56	785.0,4,33,55	931.0,4,31,54	1112.0,5,29,53	1327.0,5,27,52	1673.0,5,24,49	1972.0,5,21,47	2174.0,5,19,46	2200.0,5,18,46	2160.0,5,19,46	2143.0,5,19,46	2124.0,5,19,46	2038.0,5,20,47	1942.0,5,21,48	1766.0,5,23,49	1666.0,5,24,49	1549.0,5,25,50	1403.0,5,26,51	1254.0,5,28,52	1130.0,5,29,53	1079.0,5,30,53	1131.0,5,29,53	1120.0,5,29,53	1082.0,5,30,53	1134.0,5,29,53	928.0,4,31,54	1114.0,5,29,53	987.0,4,31,54	874.0,4,32,55	625.0,4,34,56	536.0,4,35,57	457.0,3,36,57	334.0,3,37,58	142.0,3,39,60	0.0,3,40,60	0.0,3,40,60	0.0,3,40,60	0.0,3,40,60	0.0,3,40,60	0.0,3,40,60	0.0,3,40,60	0.0,3,40,60
0.0,3,40,60	0.0,3,40,60	0.0,3,40,60	0.0,3,40,60	0.0,3,40,60	0.0,3,40,60	0.0,3,40,60	0.0,3,40,60	0.0,3,40,60	0.0,3,40,60	0.0,3,40,60	0.0,3,40,60	0.0,3,40,60	0.0,3,40,60	0.0,3,40,60	0.0,3,40,60	0.0,3,40,60	0.0,3,40,60	0.0,3,40,60	0.0,3,40,60	0.0,3,40,60	0.0,3,40,60	0.0,3,40,60	0.0,3,40,60	36.0,3,40,60	141.0,3,39,60	260.0,3,38,59	416.0,3,36,58	585.0,4,35,57	808.0,4,32,55	964.0,4,31,54	1156.0,5,29,53	1395.0,5,27,51	1776.0,5,23,49	1974.0,5,21,47	2026.0,5,20,47	2049.0,5,20,47	1991.0,5,21,47	2017.0,5,20,47	1964.0,5,21,47	1895.0,5,22,48	1786.0,5,23,49	1604.0,5,24,50	1507.0,5,25,50	1377.0,5,27,51	1210.0,5,28,52	1076.0,5,30,53	966.0,4,31,54	900.0,4,31,54	965.0,4,31,54	941.0,4,31,54	975.0,4,31,54	985.0,4,31,54	413.0,3,36,58	1000.0,5,30,54	845.0,4,32,55	760.0,4,33,55	585.0,4,35,57	532.0,4,35,57	356.0,3,37,58	239.0,3,38,59	80.0,3,40,60	0.0,3,40,60	0.0,3,40,60	0.0,3,40,60	0.0,3,40,60	0.0,3,40,60	0.0,3,40,60	0.0,3,40,60	0.0,3,40,60
0.0,3,40,60	0.0,3,40,60	0.0,3,40,60	0.0,3,40,60	0.0,3,40,60	0.0,3,40,60	0.0,3,40,60	0.0,3,40,60	0.0,3,40,60	0.0,3,40,60	0.0,3,40,60	0.0,3,40,60	0.0,3,40,60	0.0,3,40,60	0.0,3,40,60	0.0,3,40,60	0.0,3,40,60	0.0,3,40,60	0.0,3,40,60	0.0,3,40,60	0.0,3,40,60	0.0,3,40,60	0.0,3,40,60	0.0,3,40,60	36.0,3,40,60	146.0,3,39,60	250.0,3,38,59	421.0,3,36,58	614.0,4,34,56	782.0,4,33,55	1008.0,5,30,54	1148.0,5,29,53	1453.0,5,26,51	1731.0,5,23,49	1790.0,5,23,49	1852.0,5,22,48	1824.0,5,22,48	1780.0,5,23,49	1800.0,5,22,48	1720.0,5,23,49	1610.0,5,24,50	1525.0,5,25,50	1378.0,5,27,51	1265.0,5,28,52	1154.0,5,29,53	936.0,4,31,54	779.0,4,33,55	628.0,4,34,56	694.0,4,34,56	714.0,4,33,56	683.0,4,34,56	839.0,4,32,55	772.0,4,33,55	424.0,3,36,58	791.0,4,33,55	698.0,4,34,56	573.0,4,35,57	451.0,3,36,57	323.0,3,37,58	287.0,3,38,59	90.0,3,40,60	0.0,3,40,60	0.0,3,40,60	0.0,3,40,60	0.0,3,40,60	0.0,3,40,60	0.0,3,40,60	0.0,3,40,60	0.0,3,40,60	0.0,3,40,60
0.0,3,40,60	0.0,3,40,60	0.0,3,40,60	0.0,3,40,60	0.0,3,40,60	0.0,3,40,60	0.0,3,40,60	0.0,3,40,60	0.0,3,40,60	0.0,3,40,60	0.0,3,40,60	0.0,3,40,60	0.0,3,40,60	0.0,3,40,60	0.0,3,40,60	0.0,3,40,60	0.0,3,40,60	0.0,3,40,60	0.0,3,40,60	0.0,3,40,60	0.0,3,40,60	0.0,3,40,60	0.0,3,40,60	0.0,3,40,60	24.0,3,40,60	124.0,3,39,60	254.0,3,38,59	426.0,3,36,58	645.0,4,34,56	815.0,4,32,55	1019.0,5,30,54	1179.0,5,29,53	1553.0,5,25,50	1594.0,5,25,50	1686.0,5,24,49	1710.0,5,23,49	1717.0,5,23,49	1652.0,5,24,49	1647.0,5,24,50	1555.0,5,25,50	1448.0,5,26,51	1362.0,5,27,51	1243.0,5,28,52	1126.0,5,29,53	1008.0,5,30,54	725.0,4,33,56	583.0,4,35,57	542.0,4,35,57	581.0,4,35,57	532.0,4,35,57	582.0,4,35,57	690.0,4,34,56	639.0,4,34,56	356.0,3,37,58	663.0,4,34,56	605.0,4,34,56	430.0,3,36,58	312.0,3,37,58	239.0,3,38,59	191.0,3,39,59	53.0,3,40,60	0.0,3,40,60	0.0,3,40,60	0.0,3,40,60	0.0,3,40,60	0.0,3,40,60	0.0,3,40,60	0.0,3,40,60	0.0,3,40,60	0.0,3,40,60
0.0,3,40,60	0.0,3,40,60	0.0,3,40,60	0.0,3,40,60	0.0,3,40,60	0.0,3,40,60	0.0,3,40,60	0.0,3,40,60	0.0,3,40,60	0.0,3,40,60	0.0,3,40,60	0.0,3,40,60	0.0,3,40,60	0.0,3,40,60	0.0,3,40,60	0.0,3,40,60	0.0,3,40,60	0.0,3,40,60	0.0,3,40,60	0.0,3,40,60	0.0,3,40,60	0.0,3,40,60	0.0,3,40,60	0.0,3,40,60	33.0,3,40,60	121.0,3,39,60	265.0,3,38,59	434.0,3,36,58	668.0,4,34,56	838.0,4,32,55	1047.0,5,30,54	1271.0,5,28,52	1423.0,5,26,51	1449.0,5,26,51	1519.0,5,25,50	1545.0,5,25,50	1533.0,5,25,50	1417.0,5,26,51	1406.0,5,26,51	1290.0,5,28,52	1239.0,5,28,52	1146.0,5,29,53	1064.0,5,30,53	937.0,4,31,54	817.0,4,32,55	669.0,4,34,56	455.0,3,36,57	378.0,3,37,58	402.0,3,36,58	409.0,3,36,58	453.0,3,36,57	515.0,4,35,57	451.0,3,36,57	309.0,3,37,58	468.0,3,36,57	445.0,3,36,58	340.0,3,37,58	152.0,3,39,59	131.0,3,39,60	109.0,3,39,60	21.0,3,40,60	0.0,3,40,60	0.0,3,40,60	0.0,3,40,60	0.0,3,40,60	0.0,3,40,60	0.0,3,40,60	0.0,3,40,60	0.0,3,40,60	0.0,3,40,60
0.0,3,40,60	0.0,3,40,60	0.0,3,40,60	0.0,3,40,60	0.0,3,40,60	0.0,3,40,60	0.0,3,40,60	0.0,3,40,60	0.0,3,40,60	0.0,3,40,60	0.0,3,40,60	0.0,3,40,60	0.0,3,40,60	0.0,3,40,60	0.0,3,40,60	0.0,3,40,60	0.0,3,40,60	0.0,3,40,60	0.0,3,40,60	0.0,3,40,60	0.0,3,40,60	0.0,3,40,60	0.0,3,40,60	0.0,3,40,60	22.0,3,40,60	129.0,3,39,60	260.0,3,38,59	430.0,3,36,58	655.0,4,34,56	860.0,4,32,55	1129.0,5,29,53	1275.0,5,28,52	1333.0,5,27,52	1374.0,5,27,51	1410.0,5,26,51	1433.0,5,26,51	1396.0,5,27,51	1295.0,5,28,52	1256.0,5,28,52	1158.0,5,29,53	1079.0,5,30,53	1020.0,5,30,54	942.0,4,31,54	817.0,4,32,55	656.0,4,34,56	581.0,4,35,57	406.0,3,36,58	356.0,3,37,58	313.0,3,37,58	314.0,3,37,58	402.0,3,36,58	415.0,3,36,58	336.0,3,37,58	215.0,3,38,59	331.0,3,37,58	344.0,3,37,58	139.0,3,39,60	28.0,3,40,60	67.0,3,40,60	69.0,3,40,60	0.0,3,40,60	0.0,3,40,60	0.0,3,40,60	0.0,3,40,60	0.0,3,40,60	0.0,3,40,60	0.0,3,40,60	0.0,3,40,60	0.0,3,40,60	0.0,3,40,60
0.0,3,40,60	0.0,3,40,60	0.0,3,40,60	0.0,3,40,60	0.0,3,40,60	0.0,3,40,60	0.0,3,40,60	0.0,3,40,60	0.0,3,40,60	0.0,3,40,60	0.0,3,40,60	0.0,3,40,60	0.0,3,40,60	0.0,3,40,60	0.0,3,40,60	0.0,3,40,60	0.0,3,40,60	0.0,3,40,60	0.0,3,40,60	0.0,3,40,60	0.0,3,40,60	0.0,3,40,60	0.0,3,40,60	0.0,3,40,60	31.0,3,40,60	141.0,3,39,60	244.0,3,38,59	407.0,3,36,58	615.0,4,34,56	830.0,4,32,55	1062.0,5,30,53	1182.0,5,29,53	1247.0,5,28,52	1292.0,5,28,52	1289.0,5,28,52	1321.0,5,27,52	1256.0,5,28,52	1165.0,5,29,53	1126.0,5,29,53	1051.0,5,30,53	957.0,4,31,54	904.0,4,31,54	843.0,4,32,55	719.0,4,33,56	572.0,4,35,57	466.0,3,36,57	296.0,3,38,59	296.0,3,38,59	225.0,3,38,59	272.0,3,38,59	323.0,3,37,58	343.0,3,37,58	277.0,3,38,59	157.0,3,39,59	208.0,3,38,59	222.0,3,38,59	148.0,3,39,60	0.0,3,40,60	0.0,3,40,60	0.0,3,40,60	0.0,3,40,60	0.0,3,40,60	0.0,3,40,60	0.0,3,40,60	0.0,3,40,60	0.0,3,40,60	0.0,3,40,60	0.0,3,40,60	0.0,3,40,60	0.0,3,40,60
0.0,3,40,60	0.0,3,40,60	0.0,3,40,60	0.0,3,40,60	0.0,3,40,60	0.0,3,40,60	0.0,3,40,60	0.0,3,40,60	0.0,3,40,60	0.0,3,40,60	0.0,3,40,60	0.0,3,40,60	0.0,3,40,60	0.0,3,40,60	0.0,3,40,60	0.0,3,40,60	0.0,3,40,60	0.0,3,40,60	0.0,3,40,60	0.0,3,40,60	0.0,3,40,60	0.0,3,40,60	0.0,3,40,60	0.0,3,40,60	45.0,3,40,60	135.0,3,39,60	256.0,3,38,59	419.0,3,36,58	606.0,4,34,56	785.0,4,33,55	948.0,4,31,54	1028.0,5,30,54	1109.0,5,29,53	1075.0,5,30,53	1090.0,5,30,53	1072.0,5,30,53	1020.0,5,30,54	1003.0,5,30,54	935.0,4,31,54	888.0,4,32,55	799.0,4,33,55	743.0,4,33,56	688.0,4,34,56	582.0,4,35,57	422.0,3,36,58	288.0,3,38,59	151.0,3,39,59	188.0,3,39,59	105.0,3,39,60	219.0,3,38,59	215.0,3,38,59	222.0,3,38,59	186.0,3,39,59	124.0,3,39,60	60.0,3,40,60	31.0,3,40,60	0.0,3,40,60	0.0,3,40,60	0.0,3,40,60	0.0,3,40,60	0.0,3,40,60	0.0,3,40,60	0.0,3,40,60	0.0,3,40,60	0.0,3,40,60	0.0,3,40,60	0.0,3,40,60	0.0,3,40,60	0.0,3,40,60	0.0,3,40,60
0.0,3,40,60	0.0,3,40,60	0.0,3,40,60	0.0,3,40,60	0.0,3,40,60	0.0,3,40,60	0.0,3,40,60	0.0,3,40,60	0.0,3,40,60	0.0,3,40,60	0.0,3,40,60	0.0,3,40,60	0.0,3,40,60	0.0,3,40,60	0.0,3,40,60	0.0,3,40,60	0.0,3,40,60	0.0,3,40,60	0.0,3,40,60	0.0,3,40,60	0.0,3,40,60	0.0,3,40,60	0.0,3,40,60	28.0,3,40,60	53.0,3,40,60	123.0,3,39,60	238.0,3,38,59	396.0,3,37,58	581.0,4,35,57	752.0,4,33,55	886.0,4,32,55	938.0,4,31,54	1029.0,5,30,54	981.0,4,31,54	967.0,4,31,54	948.0,4,31,54	885.0,4,32,55	907.0,4,31,54	841.0,4,32,55	791.0,4,33,55	689.0,4,34,56	625.0,4,34,56	590.0,4,35,57	451.0,3,36,57	337.0,3,37,58	212.0,3,38,59	139.0,3,39,60	119.0,3,39,60	81.0,3,40,60	184.0,3,39,59	168.0,3,39,59	172.0,3,39,59	134.0,3,39,60	94.0,3,40,60	16.0,3,40,60	0.0,3,40,60	0.0,3,40,60	0.0,3,40,60	0.0,3,40,60	0.0,3,40,60	0.0,3,40,60	0.0,3,40,60	0.0,3,40,60	0.0,3,40,60	0.0,3,40,60	0.0,3,40,60	0.0,3,40,60	0.0,3,40,60	0.0,3,40,60	0.0,3,40,60
0.0,3,40,60	0.0,3,40,60	0.0,3,40,60	0.0,3,40,60	0.0,3,40,60	0.0,3,40,60	0.0,3,40,60	0.0,3,40,60	0.0,3,40,60	0.0,3,40,60	0.0,3,40,60	0.0,3,40,60	0.0,3,40,60	0.0,3,40,60	0.0,3,40,60	0.0,3,40,60	0.0,3,40,60	0.0,3,40,60	0.0,3,40,60	0.0,3,40,60	0.0,3,40,60	0.0,3,40,60	0.0,3,40,60	0.0,3,40,60	40.0,3,40,60	94.0,3,40,60	215.0,3,38,59	351.0,3,37,58	553.0,4,35,57	730.0,4,33,56	740.0,4,33,56	799.0,4,33,55	860.0,4,32,55	845.0,4,32,55	830.0,4,32,55	793.0,4,33,55	778.0,4,33,55	764.0,4,33,55	717.0,4,33,56	660.0,4,34,56	577.0,4,35,57	469.0,3,36,57	440.0,3,36,58	355.0,3,37,58	225.0,3,38,59	124.0,3,39,60	57.0,3,40,60	24.0,3,40,60	29.0,3,40,60	127.0,3,39,60	101.0,3,39,60	120.0,3,39,60	85.0,3,40,60	6.0,3,40,60	0.0,3,40,60	0.0,3,40,60	0.0,3,40,60	0.0,3,40,60	0.0,3,40,60	0.0,3,40,60	0.0,3,40,60	0.0,3,40,60	0.0,3,40,60	0.0,3,40,60	0.0,3,40,60	0.0,3,40,60	0.0,3,40,60	0.0,3,40,60	0.0,3,40,60	0.0,3,40,60
0.0,3,40,60	0.0,3,40,60	0.0,3,40,60	0.0,3,40,60	0.0,3,40,60	0.0,3,40,60	0.0,3,40,60	0.0,3,40,60	0.0,3,40,60	0.0,3,40,60	0.0,3,40,60	0.0,3,40,60	0.0,3,40,60	0.0,3,40,60	0.0,3,40,60	0.0,3,40,60	0.0,3,40,60	0.0,3,40,60	0.0,3,40,60	0.0,3,40,60	0.0,3,40,60	0.0,3,40,60	0.0,3,40,60	0.0,3,40,60	22.0,3,40,60	90.0,3,40,60	185.0,3,39,59	314.0,3,37,58	473.0,3,36,57	579.0,4,35,57	654.0,4,34,56	705.0,4,33,56	758.0,4,33,55	766.0,4,33,55	741.0,4,33,56	681.0,4,34,56	697.0,4,34,56	685.0,4,34,56	633.0,4,34,56	575.0,4,35,57	500.0,4,35,57	381.0,3,37,58	331.0,3,37,58	263.0,3,38,59	156.0,3,39,59	55.0,3,40,60	0.0,3,40,60	0.0,3,40,60	2.0,3,40,60	87.0,3,40,60	75.0,3,40,60	58.0,3,40,60	49.0,3,40,60	0.0,3,40,60	0.0,3,40,60	0.0,3,40,60	0.0,3,40,60	0.0,3,40,60	0.0,3,40,60	0.0,3,40,60	0.0,3,40,60	0.0,3,40,60	0.0,3,40,60	0.0,3,40,60	0.0,3,40,60	0.0,3,40,60	0.0,3,40,60	0.0,3,40,60	0.0,3,40,60	0.0,3,40,60
0.0,3,40,60	0.0,3,40,60	0.0,3,40,60	0.0,3,40,60	0.0,3,40,60	0.0,3,40,60	0.0,3,40,60	0.0,3,40,60	0.0,3,40,60	0.0,3,40,60	0.0,3,40,60	0.0,3,40,60	0.0,3,40,60	0.0,3,40,60	0.0,3,40,60	0.0,3,40,60	0.0,3,40,60	0.0,3,40,60	0.0,3,40,60	0.0,3,40,60	0.0,3,40,60	0.0,3,40,60	0.0,3,40,60	0.0,3,40,60	2.0,3,40,60	46.0,3,40,60	141.0,3,39,60	285.0,3,38,59	377.0,3,37,58	476.0,3,36,57	518.0,4,35,57	574.0,4,35,57	641.0,4,34,56	637.0,4,34,56	604.0,4,34,56	592.0,4,35,57	674.0,4,34,56	583.0,4,35,57	507.0,4,35,57	473.0,3,36,57	387.0,3,37,58	281.0,3,38,59	191.0,3,39,59	135.0,3,39,60	5.0,3,40,60	0.0,3,40,60	0.0,3,40,60	0.0,3,40,60	0.0,3,40,60	0.0,3,40,60	0.0,3,40,60	0.0,3,40,60	0.0,3,40,60	0.0,3,40,60	0.0,3,40,60	0.0,3,40,60	0.0,3,40,60	0.0,3,40,60	0.0,3,40,60	0.0,3,40,60	0.0,3,40,60	0.0,3,40,60	0.0,3,40,60	0.0,3,40,60	0.0,3,40,60	0.0,3,40,60	0.0,3,40,60	0.0,3,40,60	0.0,3,40,60	0.0,3,40,60
0.0,3,40,60	0.0,3,40,60	0.0,3,40,60	0.0,3,40,60	0.0,3,40,60	0.0,3,40,60	0.0,3,40,60	0.0,3,40,60	0.0,3,40,60	0.0,3,40,60	0.0,3,40,60	0.0,3,40,60	0.0,3,40,60	0.0,3,40,60	0.0,3,40,60	0.0,3,40,60	0.0,3,40,60	0.0,3,40,60	0.0,3,40,60	0.0,3,40,60	0.0,3,40,60	0.0,3,40,60	0.0,3,40,60	0.0,3,40,60	0.0,3,40,60	29.0,3,40,60	101.0,3,39,60	217.0,3,38,59	311.0,3,37,58	429.0,3,36,58	466.0,3,36,57	499.0,3,36,57	564.0,4,35,57	546.0,4,35,57	524.0,4,35,57	511.0,4,35,57	538.0,4,35,57	502.0,4,35,57	440.0,3,36,58	395.0,3,37,58	313.0,3,37,58	204.0,3,38,59	130.0,3,39,60	61.0,3,40,60	0.0,3,40,60	0.0,3,40,60	0.0,3,40,60	0.0,3,40,60	0.0,3,40,60	0.0,3,40,60	0.0,3,40,60	0.0,3,40,60	0.0,3,40,60	0.0,3,40,60	0.0,3,40,60	0.0,3,40,60	0.0,3,40,60	0.0,3,40,60	0.0,3,40,60	0.0,3,40,60	0.0,3,40,60	0.0,3,40,60	0.0,3,40,60	0.0,3,40,60	0.0,3,40,60	0.0,3,40,60	0.0,3,40,60	0.0,3,40,60	0.0,3,40,60	0.0,3,40,60
0.0,3,40,60	0.0,3,40,60	0.0,3,40,60	0.0,3,40,60	0.0,3,40,60	0.0,3,40,60	0.0,3,40,60	0.0,3,40,60	0.0,3,40,60	0.0,3,40,60	0.0,3,40,60	0.0,3,40,60	0.0,3,40,60	0.0,3,40,60	0.0,3,40,60	0.0,3,40,60	0.0,3,40,60	0.0,3,40,60	0.0,3,40,60	0.0,3,40,60	0.0,3,40,60	0.0,3,40,60	0.0,3,40,60	0.0,3,40,60	0.0,3,40,60	14.0,3,40,60	65.0,3,40,60	148.0,3,39,60	258.0,3,38,59	373.0,3,37,58	417.0,3,36,58	434.0,3,36,58	488.0,3,36,57	457.0,3,36,57	465.0,3,36,57	449.0,3,36,58	495.0,3,36,57	425.0,3,36,58	382.0,3,37,58	307.0,3,37,58	221.0,3,38,59	142.0,3,39,60	45.0,3,40,60	0.0,3,40,60	0.0,3,40,60	0.0,3,40,60	0.0,3,40,60	0.0,3,40,60	0.0,3,40,60	0.0,3,40,60	0.0,3,40,60	0.0,3,40,60	0.0,3,40,60	0.0,3,40,60	0.0,3,40,60	0.0,3,40,60	0.0,3,40,60	0.0,3,40,60	0.0,3,40,60	0.0,3,40,60	0.0,3,40,60	0.0,3,40,60	0.0,3,40,60	0.0,3,40,60	0.0,3,40,60	0.0,3,40,60	0.0,3,40,60	0.0,3,40,60	0.0,3,40,60	0.0,3,40,60
0.0,3,40,60	0.0,3,40,60	0.0,3,40,60	0.0,3,40,60	0.0,3,40,60	0.0,3,40,60	0.0,3,40,60	0.0,3,40,60	0.0,3,40,60	0.0,3,40,60	0.0,3,40,60	0.0,3,40,60	0.0,3,40,60	0.0,3,40,60	0.0,3,40,60	0.0,3,40,60	0.0,3,40,60	0.0,3,40,60	0.0,3,40,60	0.0,3,40,60	0.0,3,40,60	0.0,3,40,60	0.0,3,40,60	0.0,3,40,60	5.0,3,40,60	19.0,3,40,60	42.0,3,40,60	114.0,3,39,60	198.0,3,39,59	291.0,3,38,59	343.0,3,37,58	356.0,3,37,58	376.0,3,37,58	365.0,3,37,58	373.0,3,37,58	370.0,3,37,58	372.0,3,37,58	317.0,3,37,58	266.0,3,38,59	187.0,3,39,59	130.0,3,39,60	63.0,3,40,60	0.0,3,40,60	0.0,3,40,60	0.0,3,40,60	0.0,3,40,60	0.0,3,40,60	0.0,3,40,60	0.0,3,40,60	0.0,3,40,60	0.0,3,40,60	0.0,3,40,60	0.0,3,40,60	0.0,3,40,60	0.0,3,40,60	0.0,3,40,60	0.0,3,40,60	0.0,3,40,60	0.0,3,40,60	0.0,3,40,60	0.0,3,40,60	0.0,3,40,60	0.0,3,40,60	0.0,3,40,60	0.0,3,40,60	0.0,3,40,60	0.0,3,40,60	0.0,3,40,60	0.0,3,40,60	0.0,3,40,60
0.0,3,40,60	0.0,3,40,60	0.0,3,40,60	0.0,3,40,60	0.0,3,40,60	0.0,3,40,60	0.0,3,40,60	0.0,3,40,60	0.0,3,40,60	0.0,3,40,60	0.0,3,40,60	27.0,3,40,60	41.0,3,40,60	0.0,3,40,60	0.0,3,40,60	0.0,3,40,60	0.0,3,40,60	0.0,3,40,60	0.0,3,40,60	0.0,3,40,60	0.0,3,40,60	0.0,3,40,60	0.0,3,40,60	0.0,3,40,60	0.0,3,40,60	9.0,3,40,60	16.0,3,40,60	92.0,3,40,60	149.0,3,39,60	227.0,3,38,59	282.0,3,38,59	296.0,3,38,59	307.0,3,37,58	286.0,3,38,59	288.0,3,38,59	318.0,3,37,58	301.0,3,37,58	251.0,3,38,59	182.0,3,39,59	120.0,3,39,60	61.0,3,40,60	0.0,3,40,60	0.0,3,40,60	0.0,3,40,60	0.0,3,40,60	0.0,3,40,60	0.0,3,40,60	0.0,3,40,60	0.0,3,40,60	0.0,3,40,60	0.0,3,40,60	0.0,3,40,60	0.0,3,40,60	0.0,3,40,60	0.0,3,40,60	0.0,3,40,60	0.0,3,40,60	0.0,3,40,60	0.0,3,40,60	0.0,3,40,60	0.0,3,40,60	0.0,3,40,60	0.0,3,40,60	0.0,3,40,60	0.0,3,40,60	0.0,3,40,60	0.0,3,40,60	0.0,3,40,60	0.0,3,40,60	0.0,3,40,60
0.0,3,40,60	0.0,3,40,60	0.0,3,40,60	0.0,3,40,60	0.0,3,40,60	0.0,3,40,60	0.0,3,40,60	0.0,3,40,60	0.0,3,40,60	0.0,3,40,60	63.0,3,40,60	90.0,3,40,60	157.0,3,39,59	36.0,3,40,60	0.0,3,40,60	0.0,3,40,60	0.0,3,40,60	0.0,3,40,60	0.0,3,40,60	0.0,3,40,60	0.0,3,40,60	0.0,3,40,60	0.0,3,40,60	0.0,3,40,60	0.0,3,40,60	5.0,3,40,60	0.0,3,40,60	30.0,3,40,60	82.0,3,40,60	156.0,3,39,59	184.0,3,39,59	198.0,3,39,59	174.0,3,39,59	187.0,3,39,59	174.0,3,39,59	210.0,3,38,59	193.0,3,39,59	150.0,3,39,59	76.0,3,40,60	19.0,3,40,60	0.0,3,40,60	0.0,3,40,60	0.0,3,40,60	0.0,3,40,60	0.0,3,40,60	0.0,3,40,60	0.0,3,40,60	0.0,3,40,60	0.0,3,40,60	0.0,3,40,60	0.0,3,40,60	0.0,3,40,60	0.0,3,40,60	0.0,3,40,60	0.0,3,40,60	0.0,3,40,60	0.0,3,40,60	0.0,3,40,60	0.0,3,40,60	0.0,3,40,60	0.0,3,40,60	0.0,3,40,60	0.0,3,40,60	0.0,3,40,60	0.0,3,40,60	0.0,3,40,60	0.0,3,40,60	0.0,3,40,60	0.0,3,40,60	0.0,3,40,60
0.0,3,40,60	0.0,3,40,60	0.0,3,40,60	0.0,3,40,60	0.0,3,40,60	0.0,3,40,60	0.0,3,40,60	0.0,3,40,60	0.0,3,40,60	14.0,3,40,60	94.0,3,40,60	161.0,3,39,59	230.0,3,38,59	91.0,3,40,60	0.0,3,40,60	0.0,3,40,60	0.0,3,40,60	0.0,3,40,60	0.0,3,40,60	0.0,3,40,60	0.0,3,40,60	0.0,3,40,60	0.0,3,40,60	0.0,3,40,60	0.0,3,40,60	0.0,3,40,60	0.0,3,40,60	25.0,3,40,60	65.0,3,40,60	102.0,3,39,60	130.0,3,39,60	134.0,3,39,60	134.0,3,39,60	118.0,3,39,60	115.0,3,39,60	126.0,3,39,60	117.0,3,39,60	90.0,3,40,60	31.0,3,40,60	0.0,3,40,60	0.0,3,40,60	0.0,3,40,60	0.0,3,40,60	0.0,3,40,60	0.0,3,40,60	0.0,3,40,60	0.0,3,40,60	0.0,3,40,60	0.0,3,40,60	0.0,3,40,60	0.0,3,40,60	0.0,3,40,60	0.0,3,40,60	0.0,3,40,60	0.0,3,40,60	0.0,3,40,60	0.0,3,40,60	0.0,3,40,60	0.0,3,40,60	0.0,3,40,60	0.0,3,40,60	0.0,3,40,60	0.0,3,40,60	0.0,3,40,60	0.0,3,40,60	0.0,3,40,60	0.0,3,40,60	0.0,3,40,60	0.0,3,40,60	0.0,3,40,60
0.0,3,40,60	0.0,3,40,60	0.0,3,40,60	0.0,3,40,60	0.0,3,40,60	0.0,3,40,60	0.0,3,40,60	0.0,3,40,60	4.0,3,40,60	62.0,3,40,60	153.0,3,39,59	237.0,3,38,59	227.0,3,38,59	166.0,3,39,59	42.0,3,40,60	0.0,3,40,60	0.0,3,40,60	0.0,3,40,60	0.0,3,40,60	0.0,3,40,60	0.0,3,40,60	0.0,3,40,60	0.0,3,40,60	0.0,3,40,60	0.0,3,40,60	0.0,3,40,60	0.0,3,40,60	16.0,3,40,60	34.0,3,40,60	25.0,3,40,60	48.0,3,40,60	48.0,3,40,60	37.0,3,40,60	36.0,3,40,60	7.0,3,40,60	5.0,3,40,60	12.0,3,40,60	7.0,3,40,60	0.0,3,40,60	0.0,3,40,60	0.0,3,40,60	0.0,3,40,60	0.0,3,40,60	0.0,3,40,60	0.0,3,40,60	0.0,3,40,60	0.0,3,40,60	0.0,3,40,60	0.0,3,40,60	0.0,3,40,60	0.0,3,40,60	0.0,3,40,60	0.0,3,40,60	0.0,3,40,60	0.0,3,40,60	0.0,3,40,60	0.0,3,40,60	0.0,3,40,60	0.0,3,40,60	0.0,3,40,60	0.0,3,40,60	0.0,3,40,60	0.0,3,40,60	0.0,3,40,60	0.0,3,40,60	0.0,3,40,60	0.0,3,40,60	0.0,3,40,60	0.0,3,40,60	0.0,3,40,60
0.0,3,40,60	0.0,3,40,60	0.0,3,40,60	0.0,3,40,60	0.0,3,40,60	0.0,3,40,60	0.0,3,40,60	0.0,3,40,60	32.0,3,40,60	106.0,3,39,60	213.0,3,38,59	283.0,3,38,59	309.0,3,37,58	243.0,3,38,59	123.0,3,39,60	0.0,3,40,60	0.0,3,40,60	0.0,3,40,60	0.0,3,40,60	0.0,3,40,60	0.0,3,40,60	0.0,3,40,60	0.0,3,40,60	0.0,3,40,60	0.0,3,40,60	0.0,3,40,60	0.0,3,40,60	0.0,3,40,60	6.0,3,40,60	0.0,3,40,60	33.0,3,40,60	31.0,3,40,60	0.0,3,40,60	0.0,3,40,60	0.0,3,40,60	0.0,3,40,60	0.0,3,40,60	0.0,3,40,60	0.0,3,40,60	0.0,3,40,60	0.0,3,40,60	0.0,3,40,60	0.0,3,40,60	0.0,3,40,60	0.0,3,40,60	0.0,3,40,60	0.0,3,40,60	0.0,3,40,60	0.0,3,40,60	0.0,3,40,60	0.0,3,40,60	0.0,3,40,60	0.0,3,40,60	0.0,3,40,60	0.0,3,40,60	0.0,3,40,60	0.0,3,40,60	0.0,3,40,60	0.0,3,40,60	0.0,3,40,60	0.0,3,40,60	0.0,3,40,60	0.0,3,40,60	0.0,3,40,60	0.0,3,40,60	0.0,3,40,60	0.0,3,40,60	0.0,3,40,60	0.0,3,40,60	0.0,3,40,60
0.0,3,40,60	0.0,3,40,60	0.0,3,40,60	0.0,3,40,60	0.0,3,40,60	0.0,3,40,60	0.0,3,40,60	33.0,3,40,60	87.0,3,40,60	162.0,3,39,59	265.0,3,38,59	348.0,3,37,58	348.0,3,37,58	302.0,3,37,58	173.0,3,39,59	0.0,3,40,60	0.0,3,40,60	0.0,3,40,60	0.0,3,40,60	0.0,3,40,60	0.0,3,40,60	0.0,3,40,60	0.0,3,40,60	0.0,3,40,60	0.0,3,40,60	0.0,3,40,60	0.0,3,40,60	0.0,3,40,60	0.0,3,40,60	0.0,3,40,60	10.0,3,40,60	0.0,3,40,60	0.0,3,40,60	0.0,3,40,60	0.0,3,40,60	0.0,3,40,60	0.0,3,40,60	0.0,3,40,60	0.0,3,40,60	0.0,3,40,60	0.0,3,40,60	0.0,3,40,60	0.0,3,40,60	0.0,3,40,60	0.0,3,40,60	0.0,3,40,60	0.0,3,40,60	0.0,3,40,60	0.0,3,40,60	0.0,3,40,60	0.0,3,40,60	0.0,3,40,60	0.0,3,40,60	0.0,3,40,60	0.0,3,40,60	0.0,3,40,60	0.0,3,40,60	0.0,3,40,60	0.0,3,40,60	0.0,3,40,60	0.0,3,40,60	0.0,3,40,60	0.0,3,40,60	0.0,3,40,60	0.0,3,40,60	0.0,3,40,60	0.0,3,40,60	0.0,3,40,60	0.0,3,40,60	0.0,3,40,60
0.0,3,40,60	0.0,3,40,60	0.0,3,40,60	0.0,3,40,60	0.0,3,40,60	0.0,3,40,60	25.0,3,40,60	69.0,3,40,60	130.0,3,39,60	200.0,3,38,59	329.0,3,37,58	362.0,3,37,58	387.0,3,37,58	328.0,3,37,58	208.0,3,38,59	0.0,3,40,60	0.0,3,40,60	0.0,3,40,60	0.0,3,40,60	0.0,3,40,60	0.0,3,40,60	0.0,3,40,60	0.0,3,40,60	0.0,3,40,60	0.0,3,40,60	0.0,3,40,60	0.0,3,40,60	0.0,3,40,60	0.0,3,40,60	0.0,3,40,60	0.0,3,40,60	0.0,3,40,60	0.0,3,40,60	0.0,3,40,60	0.0,3,40,60	0.0,3,40,60	0.0,3,40,60	0.0,3,40,60	0.0,3,40,60	0.0,3,40,60	0.0,3,40,60	0.0,3,40,60	0.0,3,40,60	0.0,3,40,60	0.0,3,40,60	0.0,3,40,60	0.0,3,40,60	0.0,3,40,60	0.0,3,40,60	0.0,3,40,60	0.0,3,40,60	0.0,3,40,60	0.0,3,40,60	0.0,3,40,60	0.0,3,40,60	0.0,3,40,60	0.0,3,40,60	0.0,3,40,60	0.0,3,40,60	0.0,3,40,60	0.0,3,40,60	0.0,3,40,60	0.0,3,40,60	0.0,3,40,60	0.0,3,40,60	0.0,3,40,60	0.0,3,40,60	0.0,3,40,60	0.0,3,40,60	0.0,3,40,60
0.0,3,40,60	0.0,3,40,60	0.0,3,40,60	0.0,3,40,60	0.0,3,40,60	0.0,3,40,60	40.0,3,40,60	54.0,3,40,60	154.0,3,39,59	217.0,3,38,59	325.0,3,37,58	389.0,3,37,58	419.0,3,36,58	364.0,3,37,58	27.0,3,40,60	0.0,3,40,60	0.0,3,40,60	0.0,3,40,60	0.0,3,40,60	0.0,3,40,60	0.0,3,40,60	0.0,3,40,60	0.0,3,40,60	0.0,3,40,60	0.0,3,40,60	0.0,3,40,60	0.0,3,40,60	0.0,3,40,60	0.0,3,40,60	0.0,3,40,60	0.0,3,40,60	0.0,3,40,60	0.0,3,40,60	0.0,3,40,60	0.0,3,40,60	0.0,3,40,60	0.0,3,40,60	0.0,3,40,60	0.0,3,40,60	0.0,3,40,60	0.0,3,40,60	0.0,3,40,60	0.0,3,40,60	0.0,3,40,60	0.0,3,40,60	0.0,3,40,60	0.0,3,40,60	0.0,3,40,60	0.0,3,40,60	0.0,3,40,60	0.0,3,40,60	0.0,3,40,60	0.0,3,40,60	0.0,3,40,60	0.0,3,40,60	0.0,3,40,60	0.0,3,40,60	0.0,3,40,60	0.0,3,40,60	0.0,3,40,60	0.0,3,40,60	0.0,3,40,60	0.0,3,40,60	0.0,3,40,60	0.0,3,40,60	0.0,3,40,60	0.0,3,40,60	0.0,3,40,60	0.0,3,40,60	0.0,3,40,60
0.0,3,40,60	0.0,3,40,60	0.0,3,40,60	0.0,3,40,60	21.0,3,40,60	40.0,3,40,60	75.0,3,40,60	124.0,3,39,60	181.0,3,39,59	237.0,3,38,59	324.0,3,37,58	412.0,3,36,58	430.0,3,36,58	377.0,3,37,58	0.0,3,40,60	0.0,3,40,60	0.0,3,40,60	0.0,3,40,60	0.0,3,40,60	0.0,3,40,60	0.0,3,40,60	0.0,3,40,60	0.0,3,40,60	0.0,3,40,60	0.0,3,40,60	0.0,3,40,60	0.0,3,40,60	0.0,3,40,60	0.0,3,40,60	0.0,3,40,60	0.0,3,40,60	0.0,3,40,60	0.0,3,40,60	0.0,3,40,60	0.0,3,40,60	0.0,3,40,60	0.0,3,40,60	0.0,3,40,60	0.0,3,40,60	0.0,3,40,60	0.0,3,40,60	0.0,3,40,60	0.0,3,40,60	0.0,3,40,60	0.0,3,40,60	0.0,3,40,60	0.0,3,40,60	0.0,3,40,60	0.0,3,40,60	0.0,3,40,60	0.0,3,40,60	0.0,3,40,60	0.0,3,40,60	0.0,3,40,60	0.0,3,40,60	0.0,3,40,60	0.0,3,40,60	0.0,3,40,60	0.0,3,40,60	0.0,3,40,60	0.0,3,40,60	0.0,3,40,60	0.0,3,40,60	0.0,3,40,60	0.0,3,40,60	0.0,3,40,60	0.0,3,40,60	0.0,3,40,60	0.0,3,40,60	0.0,3,40,60
0.0,3,40,60	0.0,3,40,60	0.0,3,40,60	28.0,3,40,60	57.0,3,40,60	96.0,3,40,60	136.0,3,39,60	146.0,3,39,60	192.0,3,39,59	244.0,3,38,59	340.0,3,37,58	405.0,3,36,58	420.0,3,36,58	363.0,3,37,58	0.0,3,40,60	0.0,3,40,60	0.0,3,40,60	0.0,3,40,60	0.0,3,40,60	0.0,3,40,60	0.0,3,40,60	0.0,3,40,60	0.0,3,40,60	0.0,3,40,60	0.0,3,40,60	0.0,3,40,60	0.0,3,40,60	0.0,3,40,60	0.0,3,40,60	0.0,3,40,60	0.0,3,40,60	0.0,3,40,60	0.0,3,40,60	0.0,3,40,60	0.0,3,40,60	0.0,3,40,60	0.0,3,40,60	0.0,3,40,60	0.0,3,40,60	0.0,3,40,60	0.0,3,40,60	0.0,3,40,60	0.0,3,40,60	0.0,3,40,60	0.0,3,40,60	0.0,3,40,60	0.0,3,40,60	0.0,3,40,60	0.0,3,40,60	0.0,3,40,60	0.0,3,40,60	0.0,3,40,60	0.0,3,40,60	0.0,3,40,60	0.0,3,40,60	0.0,3,40,60	0.0,3,40,60	0.0,3,40,60	0.0,3,40,60	0.0,3,40,60	0.0,3,40,60	0.0,3,40,60	0.0,3,40,60	0.0,3,40,60	0.0,3,40,60	0.0,3,40,60	0.0,3,40,60	0.0,3,40,60	0.0,3,40,60	0.0,3,40,60
0.0,3,40,60	0.0,3,40,60	8.0,3,40,60	52.0,3,40,60	69.0,3,40,60	160.0,3,39,59	168.0,3,39,59	195.0,3,39,59	204.0,3,38,59	267.0,3,38,59	350.0,3,37,58	373.0,3,37,58	381.0,3,37,58	327.0,3,37,58	0.0,3,40,60	0.0,3,40,60	0.0,3,40,60	0.0,3,40,60	0.0,3,40,60	0.0,3,40,60	0.0,3,40,60	0.0,3,40,60	0.0,3,40,60	0.0,3,40,60	0.0,3,40,60	0.0,3,40,60	0.0,3,40,60	0.0,3,40,60	0.0,3,40,60	0.0,3,40,60	0.0,3,40,60	0.0,3,40,60	0.0,3,40,60	0.0,3,40,60	0.0,3,40,60	0.0,3,40,60	0.0,3,40,60	0.0,3,40,60	0.0,3,40,60	0.0,3,40,60	0.0,3,40,60	0.0,3,40,60	0.0,3,40,60	0.0,3,40,60	0.0,3,40,60	0.0,3,40,60	0.0,3,40,60	0.0,3,40,60	0.0,3,40,60	0.0,3,40,60	0.0,3,40,60	0.0,3,40,60	0.0,3,40,60	0.0,3,40,60	0.0,3,40,60	0.0,3,40,60	0.0,3,40,60	0.0,3,40,60	0.0,3,40,60	0.0,3,40,60	0.0,3,40,60	0.0,3,40,60	0.0,3,40,60	0.0,3,40,60	0.0,3,40,60	0.0,3,40,60	0.0,3,40,60	0.0,3,40,60	0.0,3,40,60	0.0,3,40,60
-data:
