radius:15.0
size:40^40
path:santorini_40x40.txt
+data:
0.0,3,40,60	0.0,3,40,60	0.0,3,40,60	0.0,3,40,60	0.0,3,40,60	0.0,3,40,60	0.0,3,40,60	0.0,3,40,60	0.0,3,40,60	0.0,3,40,60	0.0,3,40,60	0.0,3,40,60	0.0,3,40,60	0.0,3,40,60	0.0,3,40,60	0.0,3,40,60	0.0,3,40,60	0.0,3,40,60	0.0,3,40,60	0.0,3,40,60	0.0,3,40,60	0.0,3,40,60	0.0,3,40,60	0.0,3,40,60	0.0,3,40,60	0.0,3,40,60	0.0,3,40,60	0.0,3,40,60	0.0,3,40,60	0.0,3,40,60	0.0,3,40,60	0.0,3,40,60	0.0,3,40,60	0.0,3,40,60	0.0,3,40,60	0.0,3,40,60	0.0,3,40,60	0.0,3,40,60	0.0,3,40,60	0.0,3,40,60
0.0,3,40,60	0.0,3,40,60	0.0,3,40,60	0.0,3,40,60	0.0,3,40,60	0.0,3,40,60	0.0,3,40,60	0.0,3,40,60	0.0,3,40,60	0.0,3,40,60	0.0,3,40,60	0.0,3,40,60	0.0,3,40,60	0.0,3,40,60	0.0,3,40,60	0.0,3,40,60	0.0,3,40,60	0.0,3,40,60	0.0,3,40,60	0.0,3,40,60	0.0,3,40,60	0.0,3,40,60	0.0,3,40,60	0.0,3,40,60	0.0,3,40,60	0.0,3,40,60	0.0,3,40,60	0.0,3,40,60	0.0,3,40,60	0.0,3,40,60	0.0,3,40,60	0.0,3,40,60	0.0,3,40,60	0.0,3,40,60	0.0,3,40,60	0.0,3,40,60	0.0,3,40,60	0.0,3,40,60	0.0,3,40,60	0.0,3,40,60
0.0,3,40,60	0.0,3,40,60	0.0,3,40,60	0.0,3,40,60	0.0,3,40,60	0.0,3,40,60	0.0,3,40,60	0.0,3,40,60	0.0,3,40,60	0.0,3,40,60	0.0,3,40,60	0.0,3,40,60	0.0,3,40,60	0.0,3,40,60	0.0,3,40,60	0.0,3,40,60	0.0,3,40,60	0.0,3,40,60	0.0,3,40,60	0.0,3,40,60	0.0,3,40,60	0.0,3,40,60	0.0,3,40,60	0.0,3,40,60	0.0,3,40,60	0.0,3,40,60	0.0,3,40,60	0.0,3,40,60	0.0,3,40,60	0.0,3,40,60	0.0,3,40,60	0.0,3,40,60	0.0,3,40,60	0.0,3,40,60	0.0,3,40,60	0.0,3,40,60	0.0,3,40,60	0.0,3,40,60	0.0,3,40,60	0.0,3,40,60
0.0,3,40,60	0.0,3,40,60	0.0,3,40,60	0.0,3,40,60	0.0,3,40,60	0.0,3,40,60	0.0,3,40,60	0.0,3,40,60	0.0,3,40,60	0.0,3,40,60	0.0,3,40,60	0.0,3,40,60	0.0,3,40,60	0.0,3,40,60	0.0,3,40,60	0.0,3,40,60	0.0,3,40,60	0.0,3,40,60	0.0,3,40,60	0.0,3,40,60	0.0,3,40,60	0.0,3,40,60	0.0,3,40,60	0.0,3,40,60	0.0,3,40,60	0.0,3,40,60	0.0,3,40,60	0.0,3,40,60	0.0,3,40,60	0.0,3,40,60	0.0,3,40,60	0.0,3,40,60	0.0,3,40,60	0.0,3,40,60	0.0,3,40,60	0.0,3,40,60	0.0,3,40,60	0.0,3,40,60	0.0,3,40,60	0.0,3,40,60
0.0,3,40,60	0.0,3,40,60	0.0,3,40,60	0.0,3,40,60	0.0,3,40,60	0.0,3,40,60	0.0,3,40,60	0.0,3,40,60	0.0,3,40,60	0.0,3,40,60	0.0,3,40,60	0.0,3,40,60	0.0,3,40,60	0.0,3,40,60	0.0,3,40,60	0.0,3,40,60	6.0,3,40,60	8.0,3,40,60	0.0,3,40,60	0.0,3,40,60	0.0,3,40,60	0.0,3,40,60	0.0,3,40,60	0.0,3,40,60	0.0,3,40,60	0.0,3,40,60	0.0,3,40,60	0.0,3,40,60	0.0,3,40,60	0.0,3,40,60	0.0,3,40,60	0.0,3,40,60	0.0,3,40,60	0.0,3,40,60	0.0,3,40,60	0.0,3,40,60	0.0,3,40,60	0.0,3,40,60	0.0,3,40,60	0.0,3,40,60
0.0,3,40,60	0.0,3,40,60	0.0,3,40,60	0.0,3,40,60	0.0,3,40,60	0.0,3,40,60	0.0,3,40,60	0.0,3,40,60	0.0,3,40,60	0.0,3,40,60	0.0,3,40,60	0.0,3,40,60	0.0,3,40,60	0.0,3,40,60	14.0,3,40,60	27.0,3,40,60	31.0,3,40,60	30.0,3,40,60	26.0,3,40,60	28.0,3,40,60	19.0,3,40,60	19.0,3,40,60	40.0,3,40,60	21.0,3,40,60	0.0,3,40,60	0.0,3,40,60	0.0,3,40,60	0.0,3,40,60	0.0,3,40,60	0.0,3,40,60	0.0,3,40,60	0.0,3,40,60	0.0,3,40,60	0.0,3,40,60	0.0,3,40,60	0.0,3,40,60	0.0,3,40,60	0.0,3,40,60	0.0,3,40,60	0.0,3,40,60
0.0,3,40,60	0.0,3,40,60	0.0,3,40,60	0.0,3,40,60	0.0,3,40,60	0.0,3,40,60	0.0,3,40,60	0.0,3,40,60	0.0,3,40,60	0.0,3,40,60	0.0,3,40,60	0.0,3,40,60	0.0,3,40,60	0.0,3,40,60	42.0,3,40,60	49.0,3,40,60	57.0,3,40,60	49.0,3,40,60	42.0,3,40,60	44.0,3,40,60	45.0,3,40,60	82.0,3,40,60	100.0,3,39,60	77.0,3,40,60	0.0,3,40,60	0.0,3,40,60	0.0,3,40,60	0.0,3,40,60	0.0,3,40,60	0.0,3,40,60	0.0,3,40,60	0.0,3,40,60	0.0,3,40,60	0.0,3,40,60	0.0,3,40,60	0.0,3,40,60	0.0,3,40,60	0.0,3,40,60	0.0,3,40,60	0.0,3,40,60
0.0,3,40,60	0.0,3,40,60	0.0,3,40,60	0.0,3,40,60	0.0,3,40,60	0.0,3,40,60	0.0,3,40,60	0.0,3,40,60	0.0,3,40,60	0.0,3,40,60	0.0,3,40,60	0.0,3,40,60	0.0,3,40,60	0.0,3,40,60	77.0,3,40,60	115.0,3,39,60	116.0,3,39,60	107.0,3,39,60	115.0,3,39,60	126.0,3,39,60	241.0,3,38,59	290.0,3,38,59	204.0,3,38,59	120.0,3,39,60	28.0,3,40,60	-2.0,3,40,60	0.0,3,40,60	0.0,3,40,60	0.0,3,40,60	0.0,3,40,60	0.0,3,40,60	0.0,3,40,60	0.0,3,40,60	0.0,3,40,60	0.0,3,40,60	0.0,3,40,60	0.0,3,40,60	0.0,3,40,60	0.0,3,40,60	0.0,3,40,60
0.0,3,40,60	0.0,3,40,60	0.0,3,40,60	0.0,3,40,60	0.0,3,40,60	0.0,3,40,60	0.0,3,40,60	0.0,3,40,60	-3.0,3,40,60	0.0,3,40,60	0.0,3,40,60	0.0,3,40,60	0.0,3,40,60	0.0,3,40,60	46.0,3,40,60	40.0,3,40,60	0.0,3,40,60	-2.0,3,40,60	58.0,3,40,60	144.0,3,39,60	113.0,3,39,60	191.0,3,39,59	-2.0,3,40,60	194.0,3,39,59	92.0,3,40,60	43.0,3,40,60	0.0,3,40,60	0.0,3,40,60	0.0,3,40,60	0.0,3,40,60	0.0,3,40,60	0.0,3,40,60	0.0,3,40,60	0.0,3,40,60	0.0,3,40,60	0.0,3,40,60	0.0,3,40,60	0.0,3,40,60	0.0,3,40,60	0.0,3,40,60
0.0,3,40,60	0.0,3,40,60	0.0,3,40,60	0.0,3,40,60	0.0,3,40,60	0.0,3,40,60	0.0,3,40,60	12.0,3,40,60	25.0,3,40,60	0.0,3,40,60	0.0,3,40,60	0.0,3,40,60	0.0,3,40,60	0.0,3,40,60	0.0,3,40,60	0.0,3,40,60	0.0,3,40,60	0.0,3,40,60	0.0,3,40,60	0.0,3,40,60	0.0,3,40,60	0.0,3,40,60	0.0,3,40,60	0.0,3,40,60	297.0,3,38,59	97.0,3,40,60	23.0,3,40,60	0.0,3,40,60	0.0,3,40,60	0.0,3,40,60	0.0,3,40,60	0.0,3,40,60	0.0,3,40,60	0.0,3,40,60	0.0,3,40,60	0.0,3,40,60	0.0,3,40,60	0.0,3,40,60	0.0,3,40,60	0.0,3,40,60
0.0,3,40,60	0.0,3,40,60	0.0,3,40,60	0.0,3,40,60	0.0,3,40,60	0.0,3,40,60	0.0,3,40,60	13.0,3,40,60	39.0,3,40,60	70.0,3,40,60	112.0,3,39,60	0.0,3,40,60	0.0,3,40,60	0.0,3,40,60	0.0,3,40,60	0.0,3,40,60	0.0,3,40,60	0.0,3,40,60	0.0,3,40,60	0.0,3,40,60	0.0,3,40,60	0.0,3,40,60	0.0,3,40,60	0.0,3,40,60	216.0,3,38,59	208.0,3,38,59	69.0,3,40,60	42.0,3,40,60	7.0,3,40,60	0.0,3,40,60	0.0,3,40,60	0.0,3,40,60	0.0,3,40,60	0.0,3,40,60	0.0,3,40,60	0.0,3,40,60	0.0,3,40,60	0.0,3,40,60	0.0,3,40,60	0.0,3,40,60
0.0,3,40,60	0.0,3,40,60	0.0,3,40,60	0.0,3,40,60	0.0,3,40,60	0.0,3,40,60	2.0,3,40,60	26.0,3,40,60	93.0,3,40,60	163.0,3,39,59	194.0,3,39,59	36.0,3,40,60	0.0,3,40,60	0.0,3,40,60	0.0,3,40,60	0.0,3,40,60	0.0,3,40,60	0.0,3,40,60	0.0,3,40,60	0.0,3,40,60	0.0,3,40,60	0.0,3,40,60	0.0,3,40,60	0.0,3,40,60	128.0,3,39,60	237.0,3,38,59	111.0,3,39,60	66.0,3,40,60	43.0,3,40,60	25.0,3,40,60	0.0,3,40,60	0.0,3,40,60	0.0,3,40,60	0.0,3,40,60	0.0,3,40,60	0.0,3,40,60	0.0,3,40,60	0.0,3,40,60	0.0,3,40,60	0.0,3,40,60
0.0,3,40,60	0.0,3,40,60	0.0,3,40,60	0.0,3,40,60	0.0,3,40,60	0.0,3,40,60	11.0,3,40,60	36.0,3,40,60	84.0,3,40,60	163.0,3,39,59	20.0,3,40,60	0.0,3,40,60	0.0,3,40,60	0.0,3,40,60	0.0,3,40,60	0.0,3,40,60	0.0,3,40,60	0.0,3,40,60	0.0,3,40,60	0.0,3,40,60	0.0,3,40,60	0.0,3,40,60	0.0,3,40,60	0.0,3,40,60	303.0,3,37,58	263.0,3,38,59	131.0,3,39,60	85.0,3,40,60	66.0,3,40,60	45.0,3,40,60	11.0,3,40,60	0.0,3,40,60	0.0,3,40,60	0.0,3,40,60	0.0,3,40,60	0.0,3,40,60	0.0,3,40,60	0.0,3,40,60	0.0,3,40,60	0.0,3,40,60
0.0,3,40,60	0.0,3,40,60	0.0,3,40,60	0.0,3,40,60	0.0,3,40,60	3.0,3,40,60	21.0,3,40,60	66.0,3,40,60	135.0,3,39,60	64.0,3,40,60	0.0,3,40,60	0.0,3,40,60	0.0,3,40,60	0.0,3,40,60	0.0,3,40,60	0.0,3,40,60	0.0,3,40,60	0.0,3,40,60	0.0,3,40,60	0.0,3,40,60	0.0,3,40,60	0.0,3,40,60	0.0,3,40,60	63.0,3,40,60	335.0,3,37,58	285.0,3,38,59	159.0,3,39,59	101.0,3,39,60	82.0,3,40,60	62.0,3,40,60	39.0,3,40,60	0.0,3,40,60	0.0,3,40,60	0.0,3,40,60	0.0,3,40,60	0.0,3,40,60	0.0,3,40,60	0.0,3,40,60	0.0,3,40,60	0.0,3,40,60
0.0,3,40,60	0.0,3,40,60	0.0,3,40,60	0.0,3,40,60	0.0,3,40,60	24.0,3,40,60	50.0,3,40,60	114.0,3,39,60	171.0,3,39,59	200.0,3,38,59	0.0,3,40,60	0.0,3,40,60	0.0,3,40,60	0.0,3,40,60	0.0,3,40,60	0.0,3,40,60	0.0,3,40,60	0.0,3,40,60	0.0,3,40,60	0.0,3,40,60	0.0,3,40,60	0.0,3,40,60	0.0,3,40,60	0.0,3,40,60	33.0,3,40,60	289.0,3,38,59	172.0,3,39,59	125.0,3,39,60	95.0,3,40,60	84.0,3,40,60	60.0,3,40,60	13.0,3,40,60	0.0,3,40,60	0.0,3,40,60	0.0,3,40,60	0.0,3,40,60	0.0,3,40,60	0.0,3,40,60	0.0,3,40,60	0.0,3,40,60
0.0,3,40,60	0.0,3,40,60	0.0,3,40,60	0.0,3,40,60	0.0,3,40,60	44.0,3,40,60	97.0,3,40,60	144.0,3,39,60	202.0,3,38,59	248.0,3,38,59	0.0,3,40,60	0.0,3,40,60	0.0,3,40,60	0.0,3,40,60	0.0,3,40,60	0.0,3,40,60	0.0,3,40,60	0.0,3,40,60	0.0,3,40,60	0.0,3,40,60	0.0,3,40,60	0.0,3,40,60	0.0,3,40,60	0.0,3,40,60	0.0,3,40,60	252.0,3,38,59	177.0,3,39,59	141.0,3,39,60	124.0,3,39,60	94.0,3,40,60	76.0,3,40,60	45.0,3,40,60	21.0,3,40,60	0.0,3,40,60	0.0,3,40,60	0.0,3,40,60	0.0,3,40,60	0.0,3,40,60	0.0,3,40,60	0.0,3,40,60
0.0,3,40,60	0.0,3,40,60	0.0,3,40,60	0.0,3,40,60	0.0,3,40,60	0.0,3,40,60	0.0,3,40,60	11.0,3,40,60	106.0,3,39,60	190.0,3,39,59	0.0,3,40,60	0.0,3,40,60	0.0,3,40,60	0.0,3,40,60	0.0,3,40,60	0.0,3,40,60	0.0,3,40,60	0.0,3,40,60	0.0,3,40,60	0.0,3,40,60	0.0,3,40,60	0.0,3,40,60	0.0,3,40,60	0.0,3,40,60	0.0,3,40,60	1.0,3,40,60	198.0,3,39,59	166.0,3,39,59	132.0,3,39,60	105.0,3,39,60	87.0,3,40,60	62.0,3,40,60	40.0,3,40,60	21.0,3,40,60	10.0,3,40,60	0.0,3,40,60	0.0,3,40,60	0.0,3,40,60	0.0,3,40,60	0.0,3,40,60
0.0,3,40,60	0.0,3,40,60	0.0,3,40,60	0.0,3,40,60	0.0,3,40,60	0.0,3,40,60	0.0,3,40,60	0.0,3,40,60	0.0,3,40,60	144.0,3,39,60	93.0,3,40,60	0.0,3,40,60	0.0,3,40,60	0.0,3,40,60	0.0,3,40,60	0.0,3,40,60	0.0,3,40,60	0.0,3,40,60	1.0,3,40,60	1.0,3,40,60	0.0,3,40,60	0.0,3,40,60	0.0,3,40,60	0.0,3,40,60	0.0,3,40,60	15.0,3,40,60	195.0,3,39,59	169.0,3,39,59	148.0,3,39,60	121.0,3,39,60	92.0,3,40,60	81.0,3,40,60	65.0,3,40,60	44.0,3,40,60	28.0,3,40,60	0.0,3,40,60	0.0,3,40,60	0.0,3,40,60	0.0,3,40,60	0.0,3,40,60
0.0,3,40,60	0.0,3,40,60	0.0,3,40,60	0.0,3,40,60	0.0,3,40,60	0.0,3,40,60	0.0,3,40,60	0.0,3,40,60	0.0,3,40,60	0.0,3,40,60	0.0,3,40,60	0.0,3,40,60	0.0,3,40,60	0.0,3,40,60	0.0,3,40,60	0.0,3,40,60	0.0,3,40,60	-2.0,3,40,60	71.0,3,40,60	83.0,3,40,60	39.0,3,40,60	28.0,3,40,60	0.0,3,40,60	0.0,3,40,60	0.0,3,40,60	120.0,3,39,60	183.0,3,39,59	184.0,3,39,59	167.0,3,39,59	132.0,3,39,60	118.0,3,39,60	88.0,3,40,60	76.0,3,40,60	54.0,3,40,60	35.0,3,40,60	18.0,3,40,60	4.0,3,40,60	0.0,3,40,60	0.0,3,40,60	0.0,3,40,60
0.0,3,40,60	0.0,3,40,60	0.0,3,40,60	0.0,3,40,60	0.0,3,40,60	0.0,3,40,60	0.0,3,40,60	0.0,3,40,60	0.0,3,40,60	0.0,3,40,60	0.0,3,40,60	0.0,3,40,60	0.0,3,40,60	0.0,3,40,60	0.0,3,40,60	0.0,3,40,60	0.0,3,40,60	2.0,3,40,60	50.0,3,40,60	91.0,3,40,60	31.0,3,40,60	6.0,3,40,60	0.0,3,40,60	0.0,3,40,60	0.0,3,40,60	118.0,3,39,60	219.0,3,38,59	193.0,3,39,59	171.0,3,39,59	136.0,3,39,60	118.0,3,39,60	92.0,3,40,60	78.0,3,40,60	58.0,3,40,60	36.0,3,40,60	16.0,3,40,60	7.0,3,40,60	0.0,3,40,60	0.0,3,40,60	0.0,3,40,60
0.0,3,40,60	0.0,3,40,60	0.0,3,40,60	0.0,3,40,60	0.0,3,40,60	0.0,3,40,60	0.0,3,40,60	0.0,3,40,60	0.0,3,40,60	0.0,3,40,60	0.0,3,40,60	0.0,3,40,60	0.0,3,40,60	0.0,3,40,60	0.0,3,40,60	3.0,3,40,60	81.0,3,40,60	0.0,3,40,60	30.0,3,40,60	33.0,3,40,60	9.0,3,40,60	0.0,3,40,60	0.0,3,40,60	0.0,3,40,60	0.0,3,40,60	0.0,3,40,60	105.0,3,39,60	210.0,3,38,59	183.0,3,39,59	154.0,3,39,59	136.0,3,39,60	99.0,3,40,60	84.0,3,40,60	57.0,3,40,60	41.0,3,40,60	17.0,3,40,60	7.0,3,40,60	0.0,3,40,60	0.0,3,40,60	0.0,3,40,60
0.0,3,40,60	0.0,3,40,60	0.0,3,40,60	0.0,3,40,60	0.0,3,40,60	0.0,3,40,60	0.0,3,40,60	0.0,3,40,60	0.0,3,40,60	0.0,3,40,60	0.0,3,40,60	0.0,3,40,60	0.0,3,40,60	0.0,3,40,60	0.0,3,40,60	0.0,3,40,60	5.0,3,40,60	0.0,3,40,60	0.0,3,40,60	0.0,3,40,60	0.0,3,40,60	0.0,3,40,60	0.0,3,40,60	0.0,3,40,60	0.0,3,40,60	0.0,3,40,60	-1.0,3,40,60	215.0,3,38,59	206.0,3,38,59	172.0,3,39,59	154.0,3,39,59	117.0,3,39,60	81.0,3,40,60	61.0,3,40,60	46.0,3,40,60	20.0,3,40,60	5.0,3,40,60	0.0,3,40,60	0.0,3,40,60	0.0,3,40,60
0.0,3,40,60	0.0,3,40,60	0.0,3,40,60	0.0,3,40,60	0.0,3,40,60	0.0,3,40,60	0.0,3,40,60	0.0,3,40,60	0.0,3,40,60	0.0,3,40,60	0.0,3,40,60	0.0,3,40,60	0.0,3,40,60	0.0,3,40,60	0.0,3,40,60	0.0,3,40,60	0.0,3,40,60	0.0,3,40,60	0.0,3,40,60	0.0,3,40,60	0.0,3,40,60	0.0,3,40,60	0.0,3,40,60	0.0,3,40,60	0.0,3,40,60	0.0,3,40,60	190.0,3,39,59	297.0,3,38,59	277.0,3,38,59	262.0,3,38,59	268.0,3,38,59	118.0,3,39,60	81.0,3,40,60	57.0,3,40,60	38.0,3,40,60	18.0,3,40,60	3.0,3,40,60	0.0,3,40,60	0.0,3,40,60	0.0,3,40,60
0.0,3,40,60	0.0,3,40,60	0.0,3,40,60	0.0,3,40,60	0.0,3,40,60	0.0,3,40,60	0.0,3,40,60	0.0,3,40,60	0.0,3,40,60	18.0,3,40,60	0.0,3,40,60	0.0,3,40,60	0.0,3,40,60	0.0,3,40,60	0.0,3,40,60	0.0,3,40,60	0.0,3,40,60	0.0,3,40,60	0.0,3,40,60	0.0,3,40,60	0.0,3,40,60	0.0,3,40,60	0.0,3,40,60	0.0,3,40,60	0.0,3,40,60	151.0,3,39,59	260.0,3,38,59	276.0,3,38,59	279.0,3,38,59	309.0,3,37,58	266.0,3,38,59	128.0,3,39,60	90.0,3,40,60	60.0,3,40,60	43.0,3,40,60	20.0,3,40,60	8.0,3,40,60	0.0,3,40,60	0.0,3,40,60	0.0,3,40,60
0.0,3,40,60	0.0,3,40,60	0.0,3,40,60	0.0,3,40,60	0.0,3,40,60	0.0,3,40,60	0.0,3,40,60	0.0,3,40,60	0.0,3,40,60	0.0,3,40,60	0.0,3,40,60	0.0,3,40,60	0.0,3,40,60	0.0,3,40,60	0.0,3,40,60	0.0,3,40,60	0.0,3,40,60	0.0,3,40,60	0.0,3,40,60	0.0,3,40,60	0.0,3,40,60	0.0,3,40,60	0.0,3,40,60	0.0,3,40,60	129.0,3,39,60	204.0,3,38,59	201.0,3,38,59	221.0,3,38,59	223.0,3,38,59	283.0,3,38,59	299.0,3,38,59	189.0,3,39,59	151.0,3,39,59	129.0,3,39,60	81.0,3,40,60	24.0,3,40,60	4.0,3,40,60	0.0,3,40,60	0.0,3,40,60	0.0,3,40,60
0.0,3,40,60	0.0,3,40,60	0.0,3,40,60	0.0,3,40,60	0.0,3,40,60	0.0,3,40,60	0.0,3,40,60	0.0,3,40,60	0.0,3,40,60	0.0,3,40,60	0.0,3,40,60	0.0,3,40,60	0.0,3,40,60	0.0,3,40,60	0.0,3,40,60	0.0,3,40,60	0.0,3,40,60	0.0,3,40,60	0.0,3,40,60	0.0,3,40,60	0.0,3,40,60	0.0,3,40,60	0.0,3,40,60	0.0,3,40,60	108.0,3,39,60	170.0,3,39,59	181.0,3,39,59	183.0,3,39,59	217.0,3,38,59	267.0,3,38,59	356.0,3,37,58	421.0,3,36,58	294.0,3,38,59	381.0,3,37,58	260.0,3,38,59	11.0,3,40,60	0.0,3,40,60	0.0,3,40,60	0.0,3,40,60	0.0,3,40,60
0.0,3,40,60	0.0,3,40,60	0.0,3,40,60	0.0,3,40,60	0.0,3,40,60	0.0,3,40,60	0.0,3,40,60	0.0,3,40,60	0.0,3,40,60	0.0,3,40,60	0.0,3,40,60	0.0,3,40,60	0.0,3,40,60	0.0,3,40,60	0.0,3,40,60	0.0,3,40,60	0.0,3,40,60	0.0,3,40,60	0.0,3,40,60	0.0,3,40,60	0.0,3,40,60	0.0,3,40,60	0.0,3,40,60	70.0,3,40,60	131.0,3,39,60	144.0,3,39,60	157.0,3,39,59	172.0,3,39,59	183.0,3,39,59	231.0,3,38,59	328.0,3,37,58	450.0,3,36,57	519.0,4,35,57	257.0,3,38,59	268.0,3,38,59	120.0,3,39,60	0.0,3,40,60	0.0,3,40,60	0.0,3,40,60	0.0,3,40,60
0.0,3,40,60	0.0,3,40,60	0.0,3,40,60	0.0,3,40,60	0.0,3,40,60	0.0,3,40,60	0.0,3,40,60	0.0,3,40,60	0.0,3,40,60	0.0,3,40,60	0.0,3,40,60	0.0,3,40,60	0.0,3,40,60	82.0,3,40,60	98.0,3,40,60	99.0,3,40,60	125.0,3,39,60	151.0,3,39,59	144.0,3,39,60	77.0,3,40,60	0.0,3,40,60	0.0,3,40,60	58.0,3,40,60	91.0,3,40,60	103.0,3,39,60	113.0,3,39,60	120.0,3,39,60	120.0,3,39,60	153.0,3,39,59	160.0,3,39,59	135.0,3,39,60	195.0,3,39,59	108.0,3,39,60	41.0,3,40,60	98.0,3,40,60	258.0,3,38,59	95.0,3,40,60	0.0,3,40,60	0.0,3,40,60	0.0,3,40,60
0.0,3,40,60	0.0,3,40,60	0.0,3,40,60	0.0,3,40,60	0.0,3,40,60	0.0,3,40,60	0.0,3,40,60	0.0,3,40,60	0.0,3,40,60	0.0,3,40,60	0.0,3,40,60	59.0,3,40,60	87.0,3,40,60	81.0,3,40,60	46.0,3,40,60	62.0,3,40,60	117.0,3,39,60	121.0,3,39,60	131.0,3,39,60	89.0,3,40,60	62.0,3,40,60	68.0,3,40,60	71.0,3,40,60	77.0,3,40,60	91.0,3,40,60	104.0,3,39,60	105.0,3,39,60	100.0,3,39,60	79.0,3,40,60	70.0,3,40,60	45.0,3,40,60	22.0,3,40,60	14.0,3,40,60	5.0,3,40,60	7.0,3,40,60	25.0,3,40,60	0.0,3,40,60	0.0,3,40,60	0.0,3,40,60	0.0,3,40,60
0.0,3,40,60	0.0,3,40,60	0.0,3,40,60	0.0,3,40,60	0.0,3,40,60	0.0,3,40,60	0.0,3,40,60	0.0,3,40,60	0.0,3,40,60	0.0,3,40,60	0.0,3,40,60	0.0,3,40,60	0.0,3,40,60	0.0,3,40,60	0.0,3,40,60	0.0,3,40,60	40.0,3,40,60	40.0,3,40,60	41.0,3,40,60	22.0,3,40,60	22.0,3,40,60	20.0,3,40,60	55.0,3,40,60	50.0,3,40,60	60.0,3,40,60	74.0,3,40,60	80.0,3,40,60	114.0,3,39,60	101.0,3,39,60	40.0,3,40,60	29.0,3,40,60	18.0,3,40,60	5.0,3,40,60	3.0,3,40,60	0.0,3,40,60	0.0,3,40,60	0.0,3,40,60	0.0,3,40,60	0.0,3,40,60	0.0,3,40,60
0.0,3,40,60	0.0,3,40,60	0.0,3,40,60	0.0,3,40,60	0.0,3,40,60	0.0,3,40,60	0.0,3,40,60	0.0,3,40,60	0.0,3,40,60	0.0,3,40,60	0.0,3,40,60	0.0,3,40,60	0.0,3,40,60	0.0,3,40,60	0.0,3,40,60	0.0,3,40,60	0.0,3,40,60	14.0,3,40,60	0.0,3,40,60	0.0,3,40,60	0.0,3,40,60	0.0,3,40,60	0.0,3,40,60	3.0,3,40,60	36.0,3,40,60	49.0,3,40,60	56.0,3,40,60	160.0,3,39,59	71.0,3,40,60	24.0,3,40,60	18.0,3,40,60	6.0,3,40,60	0.0,3,40,60	0.0,3,40,60	0.0,3,40,60	0.0,3,40,60	0.0,3,40,60	0.0,3,40,60	0.0,3,40,60	0.0,3,40,60
0.0,3,40,60	0.0,3,40,60	0.0,3,40,60	0.0,3,40,60	0.0,3,40,60	0.0,3,40,60	0.0,3,40,60	0.0,3,40,60	0.0,3,40,60	0.0,3,40,60	0.0,3,40,60	0.0,3,40,60	0.0,3,40,60	0.0,3,40,60	0.0,3,40,60	0.0,3,40,60	0.0,3,40,60	0.0,3,40,60	0.0,3,40,60	0.0,3,40,60	0.0,3,40,60	0.0,3,40,60	0.0,3,40,60	0.0,3,40,60	0.0,3,40,60	0.0,3,40,60	37.0,3,40,60	75.0,3,40,60	31.0,3,40,60	6.0,3,40,60	4.0,3,40,60	0.0,3,40,60	0.0,3,40,60	0.0,3,40,60	0.0,3,40,60	0.0,3,40,60	0.0,3,40,60	0.0,3,40,60	0.0,3,40,60	0.0,3,40,60
0.0,3,40,60	0.0,3,40,60	0.0,3,40,60	0.0,3,40,60	0.0,3,40,60	0.0,3,40,60	0.0,3,40,60	0.0,3,40,60	0.0,3,40,60	0.0,3,40,60	0.0,3,40,60	0.0,3,40,60	0.0,3,40,60	0.0,3,40,60	0.0,3,40,60	0.0,3,40,60	0.0,3,40,60	0.0,3,40,60	0.0,3,40,60	0.0,3,40,60	0.0,3,40,60	0.0,3,40,60	0.0,3,40,60	0.0,3,40,60	0.0,3,40,60	0.0,3,40,60	-2.0,3,40,60	9.0,3,40,60	3.0,3,40,60	-2.0,3,40,60	0.0,3,40,60	0.0,3,40,60	0.0,3,40,60	0.0,3,40,60	0.0,3,40,60	0.0,3,40,60	0.0,3,40,60	0.0,3,40,60	0.0,3,40,60	0.0,3,40,60
0.0,3,40,60	0.0,3,40,60	0.0,3,40,60	0.0,3,40,60	0.0,3,40,60	0.0,3,40,60	0.0,3,40,60	0.0,3,40,60	0.0,3,40,60	0.0,3,40,60	0.0,3,40,60	0.0,3,40,60	0.0,3,40,60	0.0,3,40,60	0.0,3,40,60	0.0,3,40,60	0.0,3,40,60	0.0,3,40,60	0.0,3,40,60	0.0,3,40,60	0.0,3,40,60	0.0,3,40,60	0.0,3,40,60	0.0,3,40,60	0.0,3,40,60	0.0,3,40,60	0.0,3,40,60	0.0,3,40,60	0.0,3,40,60	0.0,3,40,60	0.0,3,40,60	0.0,3,40,60	0.0,3,40,60	0.0,3,40,60	0.0,3,40,60	0.0,3,40,60	0.0,3,40,60	0.0,3,40,60	0.0,3,40,60	0.0,3,40,60
0.0,3,40,60	0.0,3,40,60	0.0,3,40,60	0.0,3,40,60	0.0,3,40,60	0.0,3,40,60	0.0,3,40,60	0.0,3,40,60	0.0,3,40,60	0.0,3,40,60	0.0,3,40,60	0.0,3,40,60	0.0,3,40,60	0.0,3,40,60	0.0,3,40,60	0.0,3,40,60	0.0,3,40,60	0.0,3,40,60	0.0,3,40,60	0.0,3,40,60	0.0,3,40,60	0.0,3,40,60	0.0,3,40,60	0.0,3,40,60	0.0,3,40,60	0.0,3,40,60	0.0,3,40,60	0.0,3,40,60	0.0,3,40,60	0.0,3,40,60	0.0,3,40,60	0.0,3,40,60	0.0,3,40,60	0.0,3,40,60	0.0,3,40,60	0.0,3,40,60	0.0,3,40,60	0.0,3,40,60	0.0,3,40,60	0.0,3,40,60
0.0,3,40,60	0.0,3,40,60	0.0,3,40,60	0.0,3,40,60	0.0,3,40,60	0.0,3,40,60	0.0,3,40,60	0.0,3,40,60	0.0,3,40,60	0.0,3,40,60	0.0,3,40,60	0.0,3,40,60	0.0,3,40,60	0.0,3,40,60	0.0,3,40,60	0.0,3,40,60	0.0,3,40,60	0.0,3,40,60	0.0,3,40,60	0.0,3,40,60	0.0,3,40,60	0.0,3,40,60	0.0,3,40,60	0.0,3,40,60	0.0,3,40,60	0.0,3,40,60	0.0,3,40,60	0.0,3,40,60	0.0,3,40,60	0.0,3,40,60	0.0,3,40,60	0.0,3,40,60	0.0,3,40,60	0.0,3,40,60	0.0,3,40,60	0.0,3,40,60	0.0,3,40,60	0.0,3,40,60	0.0,3,40,60	0.0,3,40,60
0.0,3,40,60	0.0,3,40,60	0.0,3,40,60	0.0,3,40,60	0.0,3,40,60	0.0,3,40,60	0.0,3,40,60	0.0,3,40,60	0.0,3,40,60	0.0,3,40,60	0.0,3,40,60	0.0,3,40,60	0.0,3,40,60	0.0,3,40,60	0.0,3,40,60	0.0,3,40,60	0.0,3,40,60	0.0,3,40,60	0.0,3,40,60	0.0,3,40,60	0.0,3,40,60	0.0,3,40,60	0.0,3,40,60	0.0,3,40,60	0.0,3,40,60	0.0,3,40,60	0.0,3,40,60	0.0,3,40,60	0.0,3,40,60	0.0,3,40,60	0.0,3,40,60	0.0,3,40,60	0.0,3,40,60	0.0,3,40,60	0.0,3,40,60	0.0,3,40,60	0.0,3,40,60	0.0,3,40,60	0.0,3,40,60	0.0,3,40,60
0.0,3,40,60	0.0,3,40,60	0.0,3,40,60	0.0,3,40,60	0.0,3,40,60	0.0,3,40,60	0.0,3,40,60	0.0,3,40,60	0.0,3,40,60	0.0,3,40,60	0.0,3,40,60	0.0,3,40,60	0.0,3,40,60	0.0,3,40,60	0.0,3,40,60	0.0,3,40,60	0.0,3,40,60	0.0,3,40,60	0.0,3,40,60	0.0,3,40,60	0.0,3,40,60	0.0,3,40,60	0.0,3,40,60	0.0,3,40,60	0.0,3,40,60	0.0,3,40,60	0.0,3,40,60	0.0,3,40,60	0.0,3,40,60	0.0,3,40,60	0.0,3,40,60	0.0,3,40,60	0.0,3,40,60	0.0,3,40,60	0.0,3,40,60	0.0,3,40,60	0.0,3,40,60	0.0,3,40,60	0.0,3,40,60	0.0,3,40,60
0.0,3,40,60	0.0,3,40,60	0.0,3,40,60	0.0,3,40,60	0.0,3,40,60	0.0,3,40,60	0.0,3,40,60	0.0,3,40,60	0.0,3,40,60	0.0,3,40,60	0.0,3,40,60	0.0,3,40,60	0.0,3,40,60	0.0,3,40,60	0.0,3,40,60	0.0,3,40,60	0.0,3,40,60	0.0,3,40,60	0.0,3,40,60	0.0,3,40,60	0.0,3,40,60	0.0,3,40,60	0.0,3,40,60	0.0,3,40,60	0.0,3,40,60	0.0,3,40,60	0.0,3,40,60	0.0,3,40,60	0.0,3,40,60	0.0,3,40,60	0.0,3,40,60	0.0,3,40,60	0.0,3,40,60	0.0,3,40,60	0.0,3,40,60	0.0,3,40,60	0.0,3,40,60	0.0,3,40,60	0.0,3,40,60	0.0,3,40,60
0.0,3,40,60	0.0,3,40,60	0.0,3,40,60	0.0,3,40,60	0.0,3,40,60	0.0,3,40,60	0.0,3,40,60	0.0,3,40,60	0.0,3,40,60	0.0,3,40,60	0.0,3,40,60	0.0,3,40,60	0.0,3,40,60	0.0,3,40,60	0.0,3,40,60	0.0,3,40,60	0.0,3,40,60	0.0,3,40,60	0.0,3,40,60	0.0,3,40,60	0.0,3,40,60	0.0,3,40,60	0.0,3,40,60	0.0,3,40,60	0.0,3,40,60	0.0,3,40,60	0.0,3,40,60	0.0,3,40,60	0.0,3,40,60	0.0,3,40,60	0.0,3,40,60	0.0,3,40,60	0.0,3,40,60	0.0,3,40,60	0.0,3,40,60	0.0,3,40,60	0.0,3,40,60	0.0,3,40,60	0.0,3,40,60	0.0,3,40,60
-data:
