radius:15.0
size:80^60
path:three_gorges_80x60.txt
+data:
1024.0,5,30,54	1203.0,5,28,52	1213.0,5,28,52	1430.0,5,26,51	1488.0,5,26,51	1791.0,5,23,49	1718.0,5,23,49	1671.0,5,24,49	2027.0,5,20,47	2289.0,5,18,45	2224.0,5,18,46	2052.0,5,20,47	1896.0,5,22,48	1451.0,5,26,51	883.0,4,32,55	459.0,3,36,57	314.0,3,37,58	386.0,3,37,58	494.0,3,36,57	1026.0,5,30,54	374.0,3,37,58	784.0,4,33,55	1012.0,5,30,54	881.0,4,32,55	1714.0,5,23,49	1730.0,5,23,49	1657.0,5,24,49	1487.0,5,26,51	1700.0,5,23,49	1794.0,5,23,49	1753.0,5,23,49	1636.0,5,24,50	1341.0,5,27,52	1365.0,5,27,51	1476.0,5,26,51	910.0,4,31,54	1088.0,5,30,53	863.0,4,32,55	1044.0,5,30,54	492.0,3,36,57	558.0,4,35,57	278.0,3,38,59	646.0,4,34,56	329.0,3,37,58	406.0,3,36,58	751.0,4,33,55	972.0,4,31,54	688.0,4,34,56	770.0,4,33,55	986.0,4,31,54	1077.0,5,30,53	1190.0,5,29,53	1142.0,5,29,53	1150.0,5,29,53	1222.0,5,28,52	832.0,4,32,55	824.0,4,32,55	1272.0,5,28,52	1761.0,5,23,49	1549.0,5,25,50
1243.0,5,28,52	765.0,4,33,55	1321.0,5,27,52	1555.0,5,25,50	1412.0,5,26,51	1473.0,5,26,51	1813.0,5,22,48	2073.0,5,20,47	2183.0,5,19,46	2100.0,5,19,46	2168.0,5,19,46	2114.0,5,19,46	1861.0,5,22,48	1553.0,5,25,50	1368.0,5,27,51	909.0,4,31,54	985.0,4,31,54	708.0,4,33,56	306.0,3,37,58	597.0,4,35,57	415.0,3,36,58	783.0,4,33,55	1333.0,5,27,52	997.0,4,31,54	1129.0,5,29,53	1398.0,5,27,51	1591.0,5,25,50	1569.0,5,25,50	1639.0,5,24,50	1323.0,5,27,52	1123.0,5,29,53	1711.0,5,23,49	1669.0,5,24,49	1702.0,5,23,49	1225.0,5,28,52	1404.0,5,26,51	1466.0,5,26,51	1110.0,5,29,53	884.0,4,32,55	801.0,4,32,55	1204.0,5,28,52	196.0,3,39,59	789.0,4,33,55	611.0,4,34,56	294.0,3,38,59	664.0,4,34,56	1035.0,5,30,54	971.0,4,31,54	882.0,4,32,55	915.0,4,31,54	899.0,4,32,55	1012.0,5,30,54	1066.0,5,30,53	1175.0,5,29,53	1091.0,5,30,53	999.0,4,31,54	1356.0,5,27,51	1425.0,5,26,51	1621.0,5,24,50	1641.0,5,24,50
1121.0,5,29,53	373.0,3,37,58	788.0,4,33,55	1253.0,5,28,52	1459.0,5,26,51	1366.0,5,27,51	1918.0,5,21,48	2013.0,5,20,47	2038.0,5,20,47	1878.0,5,22,48	1825.0,5,22,48	1739.0,5,23,49	1613.0,5,24,50	2028.0,5,20,47	1737.0,5,23,49	1182.0,5,29,53	760.0,4,33,55	615.0,4,34,56	776.0,4,33,55	246.0,3,38,59	972.0,4,31,54	711.0,4,33,56	879.0,4,32,55	1387.0,5,27,51	1248.0,5,28,52	1457.0,5,26,51	1736.0,5,23,49	1682.0,5,24,49	1698.0,5,24,49	1412.0,5,26,51	1077.0,5,30,53	1595.0,5,25,50	1120.0,5,29,53	1623.0,5,24,50	1814.0,5,22,48	1793.0,5,23,49	1820.0,5,22,48	1189.0,5,29,53	1200.0,5,28,52	1431.0,5,26,51	1233.0,5,28,52	304.0,3,37,58	1004.0,5,30,54	860.0,4,32,55	182.0,3,39,59	559.0,4,35,57	941.0,4,31,54	1359.0,5,27,51	1271.0,5,28,52	991.0,4,31,54	905.0,4,31,54	1061.0,5,30,53	1161.0,5,29,53	1025.0,5,30,54	691.0,4,34,56	771.0,4,33,55	744.0,4,33,56	1001.0,5,30,54	1283.0,5,28,52	1494.0,5,26,51
780.0,4,33,55	1100.0,5,29,53	1240.0,5,28,52	1330.0,5,27,52	1615.0,5,24,50	1545.0,5,25,50	1847.0,5,22,48	2053.0,5,20,47	1457.0,5,26,51	1364.0,5,27,51	1510.0,5,25,50	1027.0,5,30,54	1661.0,5,24,49	1658.0,5,24,49	1418.0,5,26,51	1306.0,5,27,52	980.0,4,31,54	1189.0,5,29,53	998.0,4,31,54	460.0,3,36,57	972.0,4,31,54	1035.0,5,30,54	874.0,4,32,55	1379.0,5,27,51	1318.0,5,27,52	1857.0,5,22,48	1558.0,5,25,50	1529.0,5,25,50	1403.0,5,26,51	1372.0,5,27,51	1399.0,5,27,51	1065.0,5,30,53	893.0,4,32,55	1473.0,5,26,51	2033.0,5,20,47	1886.0,5,22,48	1635.0,5,24,50	883.0,4,32,55	807.0,4,32,55	648.0,4,34,56	573.0,4,35,57	177.0,3,39,59	393.0,3,37,58	808.0,4,32,55	268.0,3,38,59	847.0,4,32,55	1086.0,5,30,53	1237.0,5,28,52	1185.0,5,29,53	901.0,4,31,54	870.0,4,32,55	973.0,4,31,54	1040.0,5,30,54	1165.0,5,29,53	559.0,4,35,57	1094.0,5,30,53	1144.0,5,29,53	879.0,4,32,55	1289.0,5,28,52	1198.0,5,29,53
290.0,3,38,59	935.0,4,31,54	1102.0,5,29,53	957.0,4,31,54	1545.0,5,25,50	1528.0,5,25,50	1769.0,5,23,49	1684.0,5,24,49	1475.0,5,26,51	920.0,4,31,54	1177.0,5,29,53	1105.0,5,29,53	1164.0,5,29,53	1057.0,5,30,53	1211.0,5,28,52	1504.0,5,25,50	1597.0,5,25,50	1505.0,5,25,50	426.0,3,36,58	889.0,4,32,55	894.0,4,32,55	1384.0,5,27,51	1354.0,5,27,51	1572.0,5,25,50	1792.0,5,23,49	1608.0,5,24,50	1366.0,5,27,51	1479.0,5,26,51	1703.0,5,23,49	2021.0,5,20,47	1735.0,5,23,49	1331.0,5,27,52	1322.0,5,27,52	1195.0,5,29,53	1546.0,5,25,50	1282.0,5,28,52	1230.0,5,28,52	984.0,4,31,54	639.0,4,34,56	558.0,4,35,57	463.0,3,36,57	556.0,4,35,57	381.0,3,37,58	238.0,3,38,59	627.0,4,34,56	1238.0,5,28,52	1479.0,5,26,51	1285.0,5,28,52	986.0,4,31,54	863.0,4,32,55	1006.0,5,30,54	1037.0,5,30,54	841.0,4,32,55	899.0,4,32,55	538.0,4,35,57	1078.0,5,30,53	1563.0,5,25,50	1214.0,5,28,52	1213.0,5,28,52	1106.0,5,29,53
887.0,4,32,55	668.0,4,34,56	866.0,4,32,55	1451.0,5,26,51	1254.0,5,28,52	1435.0,5,26,51	1510.0,5,25,50	1203.0,5,28,52	1187.0,5,29,53	1174.0,5,29,53	917.0,4,31,54	725.0,4,33,56	766.0,4,33,55	608.0,4,34,56	552.0,4,35,57	903.0,4,31,54	1065.0,5,30,53	1305.0,5,27,52	799.0,4,33,55	635.0,4,34,56	1453.0,5,26,51	2077.0,5,20,47	1692.0,5,24,49	1158.0,5,29,53	1172.0,5,29,53	1314.0,5,27,52	1079.0,5,30,53	1467.0,5,26,51	1571.0,5,25,50	2211.0,5,18,46	1887.0,5,22,48	1695.0,5,24,49	1617.0,5,24,50	1149.0,5,29,53	1291.0,5,28,52	1259.0,5,28,52	1267.0,5,28,52	1071.0,5,30,53	841.0,4,32,55	1033.0,5,30,54	989.0,4,31,54	1015.0,5,30,54	633.0,4,34,56	357.0,3,37,58	404.0,3,36,58	776.0,4,33,55	983.0,4,31,54	1002.0,5,30,54	1254.0,5,28,52	846.0,4,32,55	1016.0,5,30,54	994.0,4,31,54	430.0,3,36,58	463.0,3,36,57	996.0,4,31,54	962.0,4,31,54	1151.0,5,29,53	1527.0,5,25,50	1329.0,5,27,52	877.0,4,32,55
968.0,4,31,54	1050.0,5,30,53	1329.0,5,27,52	1483.0,5,26,51	1288.0,5,28,52	1027.0,5,30,54	895.0,4,32,55	909.0,4,31,54	806.0,4,32,55	756.0,4,33,55	814.0,4,32,55	657.0,4,34,56	778.0,4,33,55	463.0,3,36,57	296.0,3,38,59	514.0,4,35,57	506.0,4,35,57	973.0,4,31,54	267.0,3,38,59	987.0,4,31,54	1472.0,5,26,51	2085.0,5,20,47	1307.0,5,27,52	756.0,4,33,55	1125.0,5,29,53	1446.0,5,26,51	1565.0,5,25,50	1038.0,5,30,54	1474.0,5,26,51	1756.0,5,23,49	1235.0,5,28,52	1337.0,5,27,52	1088.0,5,30,53	954.0,4,31,54	1193.0,5,29,53	1498.0,5,26,51	1578.0,5,25,50	1361.0,5,27,51	1149.0,5,29,53	729.0,4,33,56	584.0,4,35,57	483.0,3,36,57	740.0,4,33,56	607.0,4,34,56	156.0,3,39,59	451.0,3,36,57	445.0,3,36,58	812.0,4,32,55	1257.0,5,28,52	862.0,4,32,55	734.0,4,33,56	821.0,4,32,55	885.0,4,32,55	1135.0,5,29,53	1279.0,5,28,52	802.0,4,32,55	979.0,4,31,54	1233.0,5,28,52	1222.0,5,28,52	848.0,4,32,55
1093.0,5,30,53	1027.0,5,30,54	1414.0,5,26,51	1459.0,5,26,51	1302.0,5,27,52	1118.0,5,29,53	935.0,4,31,54	688.0,4,34,56	865.0,4,32,55	983.0,4,31,54	1051.0,5,30,53	877.0,4,32,55	740.0,4,33,56	815.0,4,32,55	466.0,3,36,57	323.0,3,37,58	198.0,3,39,59	243.0,3,38,59	582.0,4,35,57	1046.0,5,30,54	1601.0,5,24,50	1784.0,5,23,49	1696.0,5,24,49	786.0,4,33,55	1561.0,5,25,50	2034.0,5,20,47	1905.0,5,21,48	847.0,4,32,55	1219.0,5,28,52	1276.0,5,28,52	1038.0,5,30,54	719.0,4,33,56	821.0,4,32,55	916.0,4,31,54	1310.0,5,27,52	1393.0,5,27,51	1259.0,5,28,52	1438.0,5,26,51	1028.0,5,30,54	987.0,4,31,54	966.0,4,31,54	844.0,4,32,55	477.0,3,36,57	509.0,4,35,57	455.0,3,36,57	267.0,3,38,59	318.0,3,37,58	908.0,4,31,54	1463.0,5,26,51	891.0,4,32,55	885.0,4,32,55	1061.0,5,30,53	859.0,4,32,55	1432.0,5,26,51	1475.0,5,26,51	1237.0,5,28,52	1260.0,5,28,52	1331.0,5,27,52	949.0,4,31,54	1002.0,5,30,54
1541.0,5,25,50	1598.0,5,25,50	1325.0,5,27,52	1417.0,5,26,51	1274.0,5,28,52	1185.0,5,29,53	1095.0,5,30,53	862.0,4,32,55	901.0,4,31,54	1144.0,5,29,53	1205.0,5,28,52	1003.0,5,30,54	782.0,4,33,55	829.0,4,32,55	733.0,4,33,56	425.0,3,36,58	260.0,3,38,59	337.0,3,37,58	223.0,3,38,59	771.0,4,33,55	1017.0,5,30,54	1240.0,5,28,52	1425.0,5,26,51	822.0,4,32,55	1446.0,5,26,51	1631.0,5,24,50	1699.0,5,24,49	734.0,4,33,56	1172.0,5,29,53	776.0,4,33,55	606.0,4,34,56	769.0,4,33,55	820.0,4,32,55	1093.0,5,30,53	1415.0,5,26,51	1477.0,5,26,51	1181.0,5,29,53	1305.0,5,27,52	1349.0,5,27,52	1383.0,5,27,51	1049.0,5,30,54	952.0,4,31,54	460.0,3,36,57	501.0,4,35,57	216.0,3,38,59	489.0,3,36,57	551.0,4,35,57	981.0,4,31,54	1517.0,5,25,50	968.0,4,31,54	1218.0,5,28,52	836.0,4,32,55	709.0,4,33,56	1055.0,5,30,53	1255.0,5,28,52	1402.0,5,26,51	1411.0,5,26,51	1170.0,5,29,53	933.0,4,31,54	1031.0,5,30,54
1944.0,5,21,48	1851.0,5,22,48	1637.0,5,24,50	1592.0,5,25,50	1252.0,5,28,52	1061.0,5,30,53	1170.0,5,29,53	1061.0,5,30,53	731.0,4,33,56	898.0,4,32,55	1226.0,5,28,52	942.0,4,31,54	628.0,4,34,56	407.0,3,36,58	492.0,3,36,57	737.0,4,33,56	686.0,4,34,56	713.0,4,33,56	272.0,3,38,59	666.0,4,34,56	816.0,4,32,55	700.0,4,33,56	880.0,4,32,55	895.0,4,32,55	788.0,4,33,55	1141.0,5,29,53	1146.0,5,29,53	734.0,4,33,56	428.0,3,36,58	520.0,4,35,57	757.0,4,33,55	849.0,4,32,55	849.0,4,32,55	1267.0,5,28,52	1211.0,5,28,52	1122.0,5,29,53	1289.0,5,28,52	1349.0,5,27,52	1522.0,5,25,50	1042.0,5,30,54	845.0,4,32,55	707.0,4,33,56	564.0,4,35,57	275.0,3,38,59	597.0,4,35,57	523.0,4,35,57	709.0,4,33,56	1064.0,5,30,53	1554.0,5,25,50	1120.0,5,29,53	966.0,4,31,54	717.0,4,33,56	659.0,4,34,56	590.0,4,35,57	873.0,4,32,55	971.0,4,31,54	932.0,4,31,54	1304.0,5,27,52	959.0,4,31,54	944.0,4,31,54
1903.0,5,21,48	1848.0,5,22,48	1678.0,5,24,49	1611.0,5,24,50	1294.0,5,28,52	1066.0,5,30,53	1211.0,5,28,52	1026.0,5,30,54	839.0,4,32,55	888.0,4,32,55	1276.0,5,28,52	959.0,4,31,54	786.0,4,33,55	739.0,4,33,56	529.0,4,35,57	382.0,3,37,58	664.0,4,34,56	703.0,4,33,56	325.0,3,37,58	769.0,4,33,55	959.0,4,31,54	457.0,3,36,57	460.0,3,36,57	541.0,4,35,57	563.0,4,35,57	425.0,3,36,58	245.0,3,38,59	456.0,3,36,57	475.0,3,36,57	535.0,4,35,57	817.0,4,32,55	1054.0,5,30,53	938.0,4,31,54	1363.0,5,27,51	1014.0,5,30,54	1235.0,5,28,52	1007.0,5,30,54	1365.0,5,27,51	1389.0,5,27,51	1082.0,5,30,53	886.0,4,32,55	537.0,4,35,57	549.0,4,35,57	471.0,3,36,57	342.0,3,37,58	551.0,4,35,57	775.0,4,33,55	1039.0,5,30,54	1580.0,5,25,50	1565.0,5,25,50	856.0,4,32,55	678.0,4,34,56	1212.0,5,28,52	743.0,4,33,56	444.0,3,36,58	608.0,4,34,56	891.0,4,32,55	920.0,4,31,54	768.0,4,33,55	847.0,4,32,55
1551.0,5,25,50	1811.0,5,22,48	1442.0,5,26,51	1283.0,5,28,52	1148.0,5,29,53	721.0,4,33,56	1151.0,5,29,53	1073.0,5,30,53	603.0,4,34,56	937.0,4,31,54	1369.0,5,27,51	1140.0,5,29,53	922.0,4,31,54	736.0,4,33,56	399.0,3,37,58	265.0,3,38,59	410.0,3,36,58	358.0,3,37,58	175.0,3,39,59	491.0,3,36,57	589.0,4,35,57	548.0,4,35,57	326.0,3,37,58	464.0,3,36,57	197.0,3,39,59	239.0,3,38,59	364.0,3,37,58	407.0,3,36,58	790.0,4,33,55	972.0,4,31,54	1154.0,5,29,53	1111.0,5,29,53	814.0,4,32,55	1191.0,5,29,53	1026.0,5,30,54	883.0,4,32,55	1155.0,5,29,53	1726.0,5,23,49	1570.0,5,25,50	1352.0,5,27,51	940.0,4,31,54	815.0,4,32,55	337.0,3,37,58	627.0,4,34,56	492.0,3,36,57	491.0,3,36,57	583.0,4,35,57	896.0,4,32,55	1719.0,5,23,49	1724.0,5,23,49	1078.0,5,30,53	452.0,3,36,57	1324.0,5,27,52	1238.0,5,28,52	1058.0,5,30,53	851.0,4,32,55	526.0,4,35,57	620.0,4,34,56	716.0,4,33,56	730.0,4,33,56
1182.0,5,29,53	1386.0,5,27,51	1101.0,5,29,53	1068.0,5,30,53	941.0,4,31,54	692.0,4,34,56	870.0,4,32,55	796.0,4,33,55	758.0,4,33,55	1041.0,5,30,54	1284.0,5,28,52	1233.0,5,28,52	964.0,4,31,54	531.0,4,35,57	598.0,4,35,57	408.0,3,36,58	196.0,3,39,59	325.0,3,37,58	129.0,3,39,60	376.0,3,37,58	459.0,3,36,57	473.0,3,36,57	271.0,3,38,59	169.0,3,39,59	343.0,3,37,58	504.0,4,35,57	548.0,4,35,57	433.0,3,36,58	542.0,4,35,57	1062.0,5,30,53	922.0,4,31,54	990.0,4,31,54	815.0,4,32,55	895.0,4,32,55	751.0,4,33,55	1023.0,5,30,54	1163.0,5,29,53	1411.0,5,26,51	1435.0,5,26,51	1493.0,5,26,51	1123.0,5,29,53	699.0,4,34,56	455.0,3,36,57	279.0,3,38,59	154.0,3,39,59	380.0,3,37,58	413.0,3,36,58	825.0,4,32,55	1655.0,5,24,49	1056.0,5,30,53	1057.0,5,30,53	273.0,3,38,59	702.0,4,33,56	1297.0,5,28,52	1306.0,5,27,52	796.0,4,33,55	695.0,4,34,56	592.0,4,35,57	767.0,4,33,55	644.0,4,34,56
869.0,4,32,55	857.0,4,32,55	1263.0,5,28,52	978.0,4,31,54	732.0,4,33,56	590.0,4,35,57	900.0,4,31,54	757.0,4,33,55	616.0,4,34,56	1023.0,5,30,54	1120.0,5,29,53	1236.0,5,28,52	957.0,4,31,54	852.0,4,32,55	754.0,4,33,55	508.0,4,35,57	409.0,3,36,58	312.0,3,37,58	361.0,3,37,58	347.0,3,37,58	458.0,3,36,57	413.0,3,36,58	262.0,3,38,59	211.0,3,38,59	350.0,3,37,58	712.0,4,33,56	708.0,4,33,56	749.0,4,33,56	882.0,4,32,55	1109.0,5,29,53	1259.0,5,28,52	885.0,4,32,55	747.0,4,33,56	750.0,4,33,55	681.0,4,34,56	846.0,4,32,55	1032.0,5,30,54	1194.0,5,29,53	1094.0,5,30,53	1044.0,5,30,54	1359.0,5,27,51	878.0,4,32,55	413.0,3,36,58	446.0,3,36,58	413.0,3,36,58	222.0,3,38,59	319.0,3,37,58	774.0,4,33,55	1778.0,5,23,49	785.0,4,33,55	386.0,3,37,58	548.0,4,35,57	1113.0,5,29,53	1030.0,5,30,54	1191.0,5,29,53	1104.0,5,29,53	971.0,4,31,54	754.0,4,33,55	812.0,4,32,55	863.0,4,32,55
397.0,3,37,58	678.0,4,34,56	1151.0,5,29,53	1140.0,5,29,53	811.0,4,32,55	757.0,4,33,55	754.0,4,33,55	604.0,4,34,56	819.0,4,32,55	800.0,4,32,55	1108.0,5,29,53	1139.0,5,29,53	1121.0,5,29,53	926.0,4,31,54	676.0,4,34,56	594.0,4,35,57	491.0,3,36,57	494.0,3,36,57	524.0,4,35,57	201.0,3,38,59	143.0,3,39,60	392.0,3,37,58	584.0,4,35,57	708.0,4,33,56	585.0,4,35,57	882.0,4,32,55	757.0,4,33,55	958.0,4,31,54	1293.0,5,28,52	1442.0,5,26,51	1384.0,5,27,51	1163.0,5,29,53	1090.0,5,30,53	1103.0,5,29,53	970.0,4,31,54	658.0,4,34,56	1058.0,5,30,53	1261.0,5,28,52	730.0,4,33,56	1007.0,5,30,54	1337.0,5,27,52	685.0,4,34,56	365.0,3,37,58	707.0,4,33,56	921.0,4,31,54	393.0,3,37,58	413.0,3,36,58	852.0,4,32,55	1724.0,5,23,49	793.0,4,33,55	305.0,3,37,58	813.0,4,32,55	1295.0,5,28,52	1564.0,5,25,50	1349.0,5,27,52	1439.0,5,26,51	1053.0,5,30,53	664.0,4,34,56	1053.0,5,30,53	1013.0,5,30,54
813.0,4,32,55	770.0,4,33,55	1338.0,5,27,52	840.0,4,32,55	936.0,4,31,54	764.0,4,33,55	881.0,4,32,55	508.0,4,35,57	1003.0,5,30,54	1006.0,5,30,54	1039.0,5,30,54	1198.0,5,29,53	718.0,4,33,56	752.0,4,33,55	468.0,3,36,57	431.0,3,36,58	444.0,3,36,58	449.0,3,36,58	556.0,4,35,57	116.0,3,39,60	667.0,4,34,56	686.0,4,34,56	852.0,4,32,55	803.0,4,32,55	678.0,4,34,56	875.0,4,32,55	745.0,4,33,56	1243.0,5,28,52	1052.0,5,30,53	1130.0,5,29,53	1583.0,5,25,50	1293.0,5,28,52	1260.0,5,28,52	1246.0,5,28,52	848.0,4,32,55	751.0,4,33,55	609.0,4,34,56	1321.0,5,27,52	830.0,4,32,55	725.0,4,33,56	1248.0,5,28,52	813.0,4,32,55	430.0,3,36,58	885.0,4,32,55	617.0,4,34,56	377.0,3,37,58	283.0,3,38,59	897.0,4,32,55	1710.0,5,23,49	472.0,3,36,57	287.0,3,38,59	1004.0,5,30,54	1362.0,5,27,51	1708.0,5,23,49	1802.0,5,22,48	1534.0,5,25,50	1117.0,5,29,53	832.0,4,32,55	1149.0,5,29,53	1044.0,5,30,54
916.0,4,31,54	992.0,4,31,54	1238.0,5,28,52	949.0,4,31,54	636.0,4,34,56	629.0,4,34,56	750.0,4,33,55	372.0,3,37,58	869.0,4,32,55	786.0,4,33,55	901.0,4,31,54	910.0,4,31,54	724.0,4,33,56	623.0,4,34,56	719.0,4,33,56	659.0,4,34,56	509.0,4,35,57	567.0,4,35,57	387.0,3,37,58	758.0,4,33,55	807.0,4,32,55	837.0,4,32,55	956.0,4,31,54	883.0,4,32,55	641.0,4,34,56	1084.0,5,30,53	1009.0,5,30,54	948.0,4,31,54	872.0,4,32,55	862.0,4,32,55	1248.0,5,28,52	1600.0,5,24,50	1564.0,5,25,50	1268.0,5,28,52	1205.0,5,28,52	763.0,4,33,55	586.0,4,35,57	1072.0,5,30,53	651.0,4,34,56	1124.0,5,29,53	1216.0,5,28,52	983.0,4,31,54	660.0,4,34,56	662.0,4,34,56	853.0,4,32,55	617.0,4,34,56	175.0,3,39,59	953.0,4,31,54	954.0,4,31,54	385.0,3,37,58	640.0,4,34,56	924.0,4,31,54	1174.0,5,29,53	1248.0,5,28,52	1432.0,5,26,51	1217.0,5,28,52	974.0,4,31,54	903.0,4,31,54	1286.0,5,28,52	1175.0,5,29,53
1037.0,5,30,54	1196.0,5,29,53	966.0,4,31,54	822.0,4,32,55	754.0,4,33,55	428.0,3,36,58	352.0,3,37,58	734.0,4,33,56	935.0,4,31,54	1287.0,5,28,52	1435.0,5,26,51	1336.0,5,27,52	1367.0,5,27,51	1244.0,5,28,52	643.0,4,34,56	1040.0,5,30,54	996.0,4,31,54	1000.0,5,30,54	571.0,4,35,57	737.0,4,33,56	871.0,4,32,55	703.0,4,33,56	900.0,4,31,54	926.0,4,31,54	494.0,3,36,57	782.0,4,33,55	812.0,4,32,55	620.0,4,34,56	811.0,4,32,55	655.0,4,34,56	1164.0,5,29,53	1478.0,5,26,51	1366.0,5,27,51	1498.0,5,26,51	1214.0,5,28,52	1032.0,5,30,54	559.0,4,35,57	739.0,4,33,56	688.0,4,34,56	1082.0,5,30,53	1134.0,5,29,53	873.0,4,32,55	744.0,4,33,56	978.0,4,31,54	935.0,4,31,54	713.0,4,33,56	123.0,3,39,60	891.0,4,32,55	427.0,3,36,58	184.0,3,39,59	929.0,4,31,54	1281.0,5,28,52	1476.0,5,26,51	1600.0,5,24,50	1604.0,5,24,50	1276.0,5,28,52	940.0,4,31,54	880.0,4,32,55	1244.0,5,28,52	1457.0,5,26,51
841.0,4,32,55	959.0,4,31,54	1171.0,5,29,53	1115.0,5,29,53	1028.0,5,30,54	1182.0,5,29,53	719.0,4,33,56	1103.0,5,29,53	1470.0,5,26,51	1624.0,5,24,50	1679.0,5,24,49	1614.0,5,24,50	1503.0,5,25,50	1428.0,5,26,51	978.0,4,31,54	979.0,4,31,54	791.0,4,33,55	779.0,4,33,55	700.0,4,33,56	549.0,4,35,57	698.0,4,34,56	414.0,3,36,58	741.0,4,33,56	575.0,4,35,57	289.0,3,38,59	482.0,3,36,57	324.0,3,37,58	780.0,4,33,55	552.0,4,35,57	1044.0,5,30,54	1191.0,5,29,53	1529.0,5,25,50	1166.0,5,29,53	1522.0,5,25,50	1583.0,5,25,50	1013.0,5,30,54	714.0,4,33,56	512.0,4,35,57	601.0,4,34,56	1105.0,5,29,53	824.0,4,32,55	672.0,4,34,56	875.0,4,32,55	919.0,4,31,54	765.0,4,33,55	422.0,3,36,58	120.0,3,39,60	204.0,3,38,59	712.0,4,33,56	405.0,3,36,58	364.0,3,37,58	580.0,4,35,57	817.0,4,32,55	1145.0,5,29,53	1179.0,5,29,53	1294.0,5,28,52	1125.0,5,29,53	885.0,4,32,55	1162.0,5,29,53	1291.0,5,28,52
542.0,4,35,57	929.0,4,31,54	1110.0,5,29,53	1207.0,5,28,52	1357.0,5,27,51	1217.0,5,28,52	615.0,4,34,56	924.0,4,31,54	1634.0,5,24,50	1627.0,5,24,50	1571.0,5,25,50	1570.0,5,25,50	1356.0,5,27,51	1351.0,5,27,51	993.0,4,31,54	1031.0,5,30,54	695.0,4,34,56	737.0,4,33,56	412.0,3,36,58	404.0,3,36,58	464.0,3,36,57	673.0,4,34,56	898.0,4,32,55	543.0,4,35,57	223.0,3,38,59	410.0,3,36,58	791.0,4,33,55	399.0,3,37,58	644.0,4,34,56	994.0,4,31,54	1340.0,5,27,52	1255.0,5,28,52	993.0,4,31,54	1160.0,5,29,53	1290.0,5,28,52	1132.0,5,29,53	1033.0,5,30,54	369.0,3,37,58	344.0,3,37,58	946.0,4,31,54	667.0,4,34,56	492.0,3,36,57	752.0,4,33,55	943.0,4,31,54	582.0,4,35,57	607.0,4,34,56	117.0,3,39,60	1108.0,5,29,53	993.0,4,31,54	652.0,4,34,56	908.0,4,31,54	964.0,4,31,54	588.0,4,35,57	909.0,4,31,54	1303.0,5,27,52	1233.0,5,28,52	1145.0,5,29,53	1086.0,5,30,53	1231.0,5,28,52	1530.0,5,25,50
695.0,4,34,56	1263.0,5,28,52	1442.0,5,26,51	1699.0,5,24,49	1727.0,5,23,49	1317.0,5,27,52	1065.0,5,30,53	644.0,4,34,56	1559.0,5,25,50	1568.0,5,25,50	1484.0,5,26,51	1175.0,5,29,53	1035.0,5,30,54	861.0,4,32,55	851.0,4,32,55	922.0,4,31,54	624.0,4,34,56	427.0,3,36,58	241.0,3,38,59	265.0,3,38,59	187.0,3,39,59	316.0,3,37,58	515.0,4,35,57	492.0,3,36,57	381.0,3,37,58	753.0,4,33,55	871.0,4,32,55	611.0,4,34,56	739.0,4,33,56	991.0,4,31,54	1421.0,5,26,51	967.0,4,31,54	724.0,4,33,56	1052.0,5,30,53	1458.0,5,26,51	1465.0,5,26,51	1084.0,5,30,53	494.0,3,36,57	320.0,3,37,58	453.0,3,36,57	632.0,4,34,56	330.0,3,37,58	715.0,4,33,56	1009.0,5,30,54	576.0,4,35,57	553.0,4,35,57	354.0,3,37,58	286.0,3,38,59	1287.0,5,28,52	778.0,4,33,55	967.0,4,31,54	1587.0,5,25,50	1102.0,5,29,53	1127.0,5,29,53	1292.0,5,28,52	1449.0,5,26,51	1400.0,5,26,51	1283.0,5,28,52	1413.0,5,26,51	1483.0,5,26,51
1351.0,5,27,51	1614.0,5,24,50	1815.0,5,22,48	1715.0,5,23,49	1716.0,5,23,49	1524.0,5,25,50	943.0,4,31,54	273.0,3,38,59	1219.0,5,28,52	1189.0,5,29,53	1004.0,5,30,54	829.0,4,32,55	927.0,4,31,54	902.0,4,31,54	940.0,4,31,54	747.0,4,33,56	668.0,4,34,56	345.0,3,37,58	267.0,3,38,59	326.0,3,37,58	534.0,4,35,57	656.0,4,34,56	907.0,4,31,54	445.0,3,36,58	369.0,3,37,58	978.0,4,31,54	1080.0,5,30,53	934.0,4,31,54	1030.0,5,30,54	1322.0,5,27,52	1578.0,5,25,50	1100.0,5,29,53	742.0,4,33,56	716.0,4,33,56	1088.0,5,30,53	1286.0,5,28,52	926.0,4,31,54	715.0,4,33,56	773.0,4,33,55	404.0,3,36,58	530.0,4,35,57	385.0,3,37,58	788.0,4,33,55	912.0,4,31,54	905.0,4,31,54	271.0,3,38,59	441.0,3,36,58	404.0,3,36,58	476.0,3,36,57	590.0,4,35,57	908.0,4,31,54	1496.0,5,26,51	1138.0,5,29,53	1470.0,5,26,51	1512.0,5,25,50	1708.0,5,23,49	1578.0,5,25,50	1438.0,5,26,51	1547.0,5,25,50	1478.0,5,26,51
1419.0,5,26,51	1824.0,5,22,48	1770.0,5,23,49	1694.0,5,24,49	1511.0,5,25,50	1441.0,5,26,51	1125.0,5,29,53	478.0,3,36,57	897.0,4,32,55	963.0,4,31,54	881.0,4,32,55	1049.0,5,30,54	1081.0,5,30,53	1015.0,5,30,54	1033.0,5,30,54	998.0,4,31,54	950.0,4,31,54	781.0,4,33,55	629.0,4,34,56	116.0,3,39,60	461.0,3,36,57	568.0,4,35,57	741.0,4,33,56	721.0,4,33,56	361.0,3,37,58	869.0,4,32,55	995.0,4,31,54	812.0,4,32,55	890.0,4,32,55	1105.0,5,29,53	1362.0,5,27,51	1262.0,5,28,52	930.0,4,31,54	588.0,4,35,57	758.0,4,33,55	1306.0,5,27,52	831.0,4,32,55	537.0,4,35,57	359.0,3,37,58	241.0,3,38,59	515.0,4,35,57	540.0,4,35,57	837.0,4,32,55	1026.0,5,30,54	923.0,4,31,54	128.0,3,39,60	953.0,4,31,54	907.0,4,31,54	302.0,3,37,58	406.0,3,36,58	620.0,4,34,56	1110.0,5,29,53	778.0,4,33,55	1301.0,5,27,52	1782.0,5,23,49	1857.0,5,22,48	1699.0,5,24,49	1692.0,5,24,49	1727.0,5,23,49	1377.0,5,27,51
1293.0,5,28,52	1787.0,5,23,49	1629.0,5,24,50	1530.0,5,25,50	1352.0,5,27,51	1355.0,5,27,51	1196.0,5,29,53	404.0,3,36,58	692.0,4,34,56	1046.0,5,30,54	761.0,4,33,55	977.0,4,31,54	952.0,4,31,54	833.0,4,32,55	1026.0,5,30,54	997.0,4,31,54	880.0,4,32,55	793.0,4,33,55	698.0,4,34,56	467.0,3,36,57	469.0,3,36,57	377.0,3,37,58	433.0,3,36,58	399.0,3,37,58	302.0,3,37,58	657.0,4,34,56	709.0,4,33,56	438.0,3,36,58	664.0,4,34,56	752.0,4,33,55	1028.0,5,30,54	1022.0,5,30,54	811.0,4,32,55	699.0,4,34,56	740.0,4,33,56	943.0,4,31,54	1174.0,5,29,53	741.0,4,33,56	670.0,4,34,56	574.0,4,35,57	213.0,3,38,59	495.0,3,36,57	752.0,4,33,55	899.0,4,32,55	326.0,3,37,58	515.0,4,35,57	959.0,4,31,54	1238.0,5,28,52	541.0,4,35,57	725.0,4,33,56	821.0,4,32,55	912.0,4,31,54	928.0,4,31,54	1584.0,5,25,50	1679.0,5,24,49	1830.0,5,22,48	1405.0,5,26,51	1415.0,5,26,51	1400.0,5,26,51	1186.0,5,29,53
1078.0,5,30,53	1623.0,5,24,50	1576.0,5,25,50	1366.0,5,27,51	944.0,4,31,54	835.0,4,32,55	728.0,4,33,56	484.0,3,36,57	770.0,4,33,55	769.0,4,33,55	542.0,4,35,57	597.0,4,35,57	687.0,4,34,56	600.0,4,34,56	627.0,4,34,56	434.0,3,36,58	360.0,3,37,58	337.0,3,37,58	494.0,3,36,57	73.0,3,40,60	182.0,3,39,59	135.0,3,39,60	170.0,3,39,59	219.0,3,38,59	664.0,4,34,56	722.0,4,33,56	631.0,4,34,56	330.0,3,37,58	482.0,3,36,57	504.0,4,35,57	898.0,4,32,55	1003.0,5,30,54	927.0,4,31,54	752.0,4,33,55	396.0,3,37,58	614.0,4,34,56	793.0,4,33,55	1044.0,5,30,54	984.0,4,31,54	480.0,3,36,57	169.0,3,39,59	592.0,4,35,57	972.0,4,31,54	914.0,4,31,54	334.0,3,37,58	905.0,4,31,54	922.0,4,31,54	1359.0,5,27,51	668.0,4,34,56	793.0,4,33,55	750.0,4,33,55	1134.0,5,29,53	734.0,4,33,56	1230.0,5,28,52	1761.0,5,23,49	1648.0,5,24,50	1304.0,5,27,52	1026.0,5,30,54	1265.0,5,28,52	1148.0,5,29,53
743.0,4,33,56	1293.0,5,28,52	1101.0,5,29,53	893.0,4,32,55	911.0,4,31,54	802.0,4,32,55	568.0,4,35,57	357.0,3,37,58	653.0,4,34,56	404.0,3,36,58	374.0,3,37,58	260.0,3,38,59	441.0,3,36,58	570.0,4,35,57	567.0,4,35,57	527.0,4,35,57	493.0,3,36,57	347.0,3,37,58	448.0,3,36,58	62.0,3,40,60	204.0,3,38,59	428.0,3,36,58	239.0,3,38,59	62.0,3,40,60	472.0,3,36,57	843.0,4,32,55	603.0,4,34,56	414.0,3,36,58	223.0,3,38,59	265.0,3,38,59	464.0,3,36,57	513.0,4,35,57	957.0,4,31,54	987.0,4,31,54	638.0,4,34,56	438.0,3,36,58	752.0,4,33,55	1046.0,5,30,54	714.0,4,33,56	586.0,4,35,57	164.0,3,39,59	508.0,4,35,57	692.0,4,34,56	826.0,4,32,55	214.0,3,38,59	893.0,4,32,55	1377.0,5,27,51	1353.0,5,27,51	897.0,4,32,55	824.0,4,32,55	1056.0,5,30,53	1548.0,5,25,50	1016.0,5,30,54	1421.0,5,26,51	1492.0,5,26,51	1218.0,5,28,52	1313.0,5,27,52	918.0,4,31,54	1139.0,5,29,53	962.0,4,31,54
589.0,4,35,57	939.0,4,31,54	931.0,4,31,54	777.0,4,33,55	798.0,4,33,55	544.0,4,35,57	401.0,3,36,58	83.0,3,40,60	514.0,4,35,57	275.0,3,38,59	61.0,3,40,60	367.0,3,37,58	317.0,3,37,58	521.0,4,35,57	405.0,3,36,58	629.0,4,34,56	598.0,4,35,57	362.0,3,37,58	101.0,3,39,60	240.0,3,38,59	448.0,3,36,58	619.0,4,34,56	649.0,4,34,56	418.0,3,36,58	76.0,3,40,60	391.0,3,37,58	260.0,3,38,59	494.0,3,36,57	62.0,3,40,60	193.0,3,39,59	63.0,3,40,60	314.0,3,37,58	429.0,3,36,58	529.0,4,35,57	954.0,4,31,54	491.0,3,36,57	623.0,4,34,56	668.0,4,34,56	955.0,4,31,54	794.0,4,33,55	184.0,3,39,59	412.0,3,36,58	692.0,4,34,56	723.0,4,33,56	422.0,3,36,58	546.0,4,35,57	1459.0,5,26,51	1981.0,5,21,47	1277.0,5,28,52	864.0,4,32,55	1256.0,5,28,52	1390.0,5,27,51	1358.0,5,27,51	1333.0,5,27,52	1152.0,5,29,53	850.0,4,32,55	1272.0,5,28,52	986.0,4,31,54	1015.0,5,30,54	928.0,4,31,54
191.0,3,39,59	345.0,3,37,58	241.0,3,38,59	260.0,3,38,59	289.0,3,38,59	54.0,3,40,60	360.0,3,37,58	594.0,4,35,57	537.0,4,35,57	456.0,3,36,57	419.0,3,36,58	212.0,3,38,59	66.0,3,40,60	498.0,3,36,57	580.0,4,35,57	844.0,4,32,55	656.0,4,34,56	593.0,4,35,57	253.0,3,38,59	773.0,4,33,55	756.0,4,33,55	834.0,4,32,55	818.0,4,32,55	642.0,4,34,56	476.0,3,36,57	215.0,3,38,59	60.0,3,40,60	61.0,3,40,60	375.0,3,37,58	621.0,4,34,56	398.0,3,37,58	345.0,3,37,58	80.0,3,40,60	370.0,3,37,58	508.0,4,35,57	544.0,4,35,57	415.0,3,36,58	519.0,4,35,57	1060.0,5,30,53	729.0,4,33,56	406.0,3,36,58	170.0,3,39,59	526.0,4,35,57	485.0,3,36,57	341.0,3,37,58	278.0,3,38,59	1223.0,5,28,52	1274.0,5,28,52	1416.0,5,26,51	960.0,4,31,54	1627.0,5,24,50	1494.0,5,26,51	1659.0,5,24,49	1357.0,5,27,51	1121.0,5,29,53	762.0,4,33,55	1216.0,5,28,52	723.0,4,33,56	845.0,4,32,55	913.0,4,31,54
391.0,3,37,58	521.0,4,35,57	611.0,4,34,56	519.0,4,35,57	493.0,3,36,57	595.0,4,35,57	317.0,3,37,58	342.0,3,37,58	489.0,3,36,57	281.0,3,38,59	748.0,4,33,56	765.0,4,33,55	816.0,4,32,55	297.0,3,38,59	186.0,3,39,59	66.0,3,40,60	198.0,3,39,59	62.0,3,40,60	816.0,4,32,55	1210.0,5,28,52	1266.0,5,28,52	1231.0,5,28,52	1120.0,5,29,53	964.0,4,31,54	794.0,4,33,55	429.0,3,36,58	399.0,3,37,58	426.0,3,36,58	485.0,3,36,57	573.0,4,35,57	660.0,4,34,56	522.0,4,35,57	278.0,3,38,59	62.0,3,40,60	289.0,3,38,59	469.0,3,36,57	165.0,3,39,59	880.0,4,32,55	617.0,4,34,56	450.0,3,36,57	541.0,4,35,57	172.0,3,39,59	501.0,4,35,57	442.0,3,36,58	309.0,3,37,58	261.0,3,38,59	723.0,4,33,56	1317.0,5,27,52	1421.0,5,26,51	1128.0,5,29,53	1415.0,5,26,51	1122.0,5,29,53	1412.0,5,26,51	1184.0,5,29,53	972.0,4,31,54	750.0,4,33,55	921.0,4,31,54	871.0,4,32,55	626.0,4,34,56	702.0,4,33,56
846.0,4,32,55	748.0,4,33,56	612.0,4,34,56	607.0,4,34,56	642.0,4,34,56	335.0,3,37,58	339.0,3,37,58	402.0,3,36,58	804.0,4,32,55	437.0,3,36,58	1097.0,5,30,53	1122.0,5,29,53	823.0,4,32,55	744.0,4,33,56	611.0,4,34,56	597.0,4,35,57	275.0,3,38,59	463.0,3,36,57	863.0,4,32,55	1311.0,5,27,52	1421.0,5,26,51	1248.0,5,28,52	1065.0,5,30,53	988.0,4,31,54	700.0,4,33,56	600.0,4,34,56	478.0,3,36,57	373.0,3,37,58	610.0,4,34,56	418.0,3,36,58	699.0,4,34,56	859.0,4,32,55	621.0,4,34,56	336.0,3,37,58	90.0,3,40,60	124.0,3,39,60	266.0,3,38,59	418.0,3,36,58	341.0,3,37,58	337.0,3,37,58	117.0,3,39,60	343.0,3,37,58	780.0,4,33,55	459.0,3,36,57	354.0,3,37,58	120.0,3,39,60	1001.0,5,30,54	1833.0,5,22,48	1441.0,5,26,51	1117.0,5,29,53	1443.0,5,26,51	890.0,4,32,55	1045.0,5,30,54	1189.0,5,29,53	1077.0,5,30,53	777.0,4,33,55	819.0,4,32,55	763.0,4,33,55	796.0,4,33,55	760.0,4,33,55
541.0,4,35,57	419.0,3,36,58	200.0,3,38,59	317.0,3,37,58	494.0,3,36,57	502.0,4,35,57	527.0,4,35,57	659.0,4,34,56	1254.0,5,28,52	486.0,3,36,57	807.0,4,32,55	1633.0,5,24,50	1308.0,5,27,52	1371.0,5,27,51	943.0,4,31,54	1351.0,5,27,51	1033.0,5,30,54	641.0,4,34,56	322.0,3,37,58	469.0,3,36,57	1416.0,5,26,51	1270.0,5,28,52	1223.0,5,28,52	1258.0,5,28,52	1171.0,5,29,53	957.0,4,31,54	878.0,4,32,55	560.0,4,35,57	609.0,4,34,56	511.0,4,35,57	595.0,4,35,57	888.0,4,32,55	790.0,4,33,55	692.0,4,34,56	314.0,3,37,58	312.0,3,37,58	175.0,3,39,59	62.0,3,40,60	61.0,3,40,60	190.0,3,39,59	62.0,3,40,60	256.0,3,38,59	475.0,3,36,57	717.0,4,33,56	569.0,4,35,57	113.0,3,39,60	1044.0,5,30,54	1802.0,5,22,48	1188.0,5,29,53	910.0,4,31,54	1133.0,5,29,53	1046.0,5,30,54	940.0,4,31,54	748.0,4,33,56	865.0,4,32,55	902.0,4,31,54	513.0,4,35,57	915.0,4,31,54	1022.0,5,30,54	926.0,4,31,54
303.0,3,37,58	470.0,3,36,57	492.0,3,36,57	778.0,4,33,55	538.0,4,35,57	1057.0,5,30,53	852.0,4,32,55	924.0,4,31,54	1289.0,5,28,52	807.0,4,32,55	395.0,3,37,58	1247.0,5,28,52	1423.0,5,26,51	1270.0,5,28,52	1333.0,5,27,52	1423.0,5,26,51	1532.0,5,25,50	1077.0,5,30,53	433.0,3,36,58	576.0,4,35,57	1512.0,5,25,50	1468.0,5,26,51	1179.0,5,29,53	1362.0,5,27,51	1345.0,5,27,52	1329.0,5,27,52	1137.0,5,29,53	758.0,4,33,55	846.0,4,32,55	725.0,4,33,56	750.0,4,33,55	694.0,4,34,56	783.0,4,33,55	834.0,4,32,55	737.0,4,33,56	704.0,4,33,56	397.0,3,37,58	106.0,3,39,60	521.0,4,35,57	660.0,4,34,56	296.0,3,38,59	62.0,3,40,60	188.0,3,39,59	456.0,3,36,57	632.0,4,34,56	72.0,3,40,60	1016.0,5,30,54	1610.0,5,24,50	1073.0,5,30,53	949.0,4,31,54	1078.0,5,30,53	1380.0,5,27,51	779.0,4,33,55	840.0,4,32,55	648.0,4,34,56	526.0,4,35,57	441.0,3,36,58	710.0,4,33,56	1155.0,5,29,53	881.0,4,32,55
681.0,4,34,56	370.0,3,37,58	823.0,4,32,55	1181.0,5,29,53	517.0,4,35,57	1551.0,5,25,50	1358.0,5,27,51	1567.0,5,25,50	1544.0,5,25,50	556.0,4,35,57	596.0,4,35,57	1367.0,5,27,51	1611.0,5,24,50	1706.0,5,23,49	1701.0,5,23,49	1643.0,5,24,50	1563.0,5,25,50	1032.0,5,30,54	272.0,3,38,59	1039.0,5,30,54	1445.0,5,26,51	1373.0,5,27,51	1354.0,5,27,51	1239.0,5,28,52	1099.0,5,30,53	1022.0,5,30,54	765.0,4,33,55	620.0,4,34,56	557.0,4,35,57	613.0,4,34,56	348.0,3,37,58	566.0,4,35,57	547.0,4,35,57	402.0,3,36,58	358.0,3,37,58	335.0,3,37,58	192.0,3,39,59	335.0,3,37,58	602.0,4,34,56	990.0,4,31,54	304.0,3,37,58	191.0,3,39,59	131.0,3,39,60	309.0,3,37,58	508.0,4,35,57	63.0,3,40,60	534.0,4,35,57	1127.0,5,29,53	907.0,4,31,54	831.0,4,32,55	1136.0,5,29,53	1500.0,5,25,50	1368.0,5,27,51	1188.0,5,29,53	935.0,4,31,54	711.0,4,33,56	371.0,3,37,58	738.0,4,33,56	861.0,4,32,55	1083.0,5,30,53
808.0,4,32,55	329.0,3,37,58	1114.0,5,29,53	1537.0,5,25,50	777.0,4,33,55	1519.0,5,25,50	1559.0,5,25,50	1499.0,5,26,51	1435.0,5,26,51	665.0,4,34,56	1095.0,5,30,53	1586.0,5,25,50	1626.0,5,24,50	1614.0,5,24,50	1583.0,5,25,50	1559.0,5,25,50	1427.0,5,26,51	736.0,4,33,56	730.0,4,33,56	1191.0,5,29,53	1226.0,5,28,52	1040.0,5,30,54	1000.0,5,30,54	744.0,4,33,56	579.0,4,35,57	546.0,4,35,57	385.0,3,37,58	330.0,3,37,58	186.0,3,39,59	179.0,3,39,59	164.0,3,39,59	298.0,3,38,59	170.0,3,39,59	351.0,3,37,58	461.0,3,36,57	325.0,3,37,58	229.0,3,38,59	581.0,4,35,57	756.0,4,33,55	693.0,4,34,56	674.0,4,34,56	250.0,3,38,59	108.0,3,39,60	62.0,3,40,60	68.0,3,40,60	103.0,3,39,60	562.0,4,35,57	1307.0,5,27,52	935.0,4,31,54	610.0,4,34,56	1171.0,5,29,53	1211.0,5,28,52	892.0,4,32,55	801.0,4,32,55	757.0,4,33,55	733.0,4,33,56	512.0,4,35,57	675.0,4,34,56	869.0,4,32,55	1008.0,5,30,54
462.0,3,36,57	393.0,3,37,58	1131.0,5,29,53	1629.0,5,24,50	1242.0,5,28,52	1592.0,5,25,50	1586.0,5,25,50	1638.0,5,24,50	1253.0,5,28,52	519.0,4,35,57	1112.0,5,29,53	1660.0,5,24,49	1557.0,5,25,50	1597.0,5,25,50	1449.0,5,26,51	1419.0,5,26,51	1317.0,5,27,52	1031.0,5,30,54	688.0,4,34,56	775.0,4,33,55	754.0,4,33,55	1093.0,5,30,53	914.0,4,31,54	818.0,4,32,55	822.0,4,32,55	391.0,3,37,58	470.0,3,36,57	406.0,3,36,58	552.0,4,35,57	719.0,4,33,56	645.0,4,34,56	545.0,4,35,57	545.0,4,35,57	927.0,4,31,54	704.0,4,33,56	372.0,3,37,58	155.0,3,39,59	611.0,4,34,56	917.0,4,31,54	498.0,3,36,57	279.0,3,38,59	214.0,3,38,59	274.0,3,38,59	264.0,3,38,59	296.0,3,38,59	59.0,3,40,60	452.0,3,36,57	611.0,4,34,56	632.0,4,34,56	363.0,3,37,58	928.0,4,31,54	1032.0,5,30,54	719.0,4,33,56	908.0,4,31,54	777.0,4,33,55	371.0,3,37,58	541.0,4,35,57	791.0,4,33,55	1115.0,5,29,53	1113.0,5,29,53
471.0,3,36,57	462.0,3,36,57	1055.0,5,30,53	1584.0,5,25,50	1539.0,5,25,50	1559.0,5,25,50	1235.0,5,28,52	1304.0,5,27,52	1171.0,5,29,53	921.0,4,31,54	1495.0,5,26,51	1431.0,5,26,51	1330.0,5,27,52	1229.0,5,28,52	1225.0,5,28,52	938.0,4,31,54	667.0,4,34,56	413.0,3,36,58	565.0,4,35,57	732.0,4,33,56	961.0,4,31,54	1002.0,5,30,54	880.0,4,32,55	464.0,3,36,57	758.0,4,33,55	630.0,4,34,56	531.0,4,35,57	443.0,3,36,58	414.0,3,36,58	840.0,4,32,55	767.0,4,33,55	518.0,4,35,57	751.0,4,33,55	848.0,4,32,55	532.0,4,35,57	227.0,3,38,59	354.0,3,37,58	888.0,4,32,55	752.0,4,33,55	620.0,4,34,56	554.0,4,35,57	413.0,3,36,58	364.0,3,37,58	175.0,3,39,59	442.0,3,36,58	911.0,4,31,54	148.0,3,39,60	146.0,3,39,60	277.0,3,38,59	426.0,3,36,58	677.0,4,34,56	862.0,4,32,55	825.0,4,32,55	472.0,3,36,57	862.0,4,32,55	699.0,4,34,56	532.0,4,35,57	866.0,4,32,55	1037.0,5,30,54	985.0,4,31,54
358.0,3,37,58	550.0,4,35,57	971.0,4,31,54	1514.0,5,25,50	1543.0,5,25,50	1405.0,5,26,51	1218.0,5,28,52	1368.0,5,27,51	676.0,4,34,56	1000.0,5,30,54	1486.0,5,26,51	1417.0,5,26,51	1346.0,5,27,52	1249.0,5,28,52	1004.0,5,30,54	414.0,3,36,58	625.0,4,34,56	847.0,4,32,55	756.0,4,33,55	853.0,4,32,55	841.0,4,32,55	773.0,4,33,55	730.0,4,33,56	684.0,4,34,56	829.0,4,32,55	608.0,4,34,56	587.0,4,35,57	457.0,3,36,57	344.0,3,37,58	743.0,4,33,56	943.0,4,31,54	482.0,3,36,57	968.0,4,31,54	782.0,4,33,55	439.0,3,36,58	300.0,3,37,58	499.0,3,36,57	869.0,4,32,55	928.0,4,31,54	711.0,4,33,56	566.0,4,35,57	653.0,4,34,56	333.0,3,37,58	109.0,3,39,60	640.0,4,34,56	1218.0,5,28,52	479.0,3,36,57	199.0,3,39,59	112.0,3,39,60	162.0,3,39,59	843.0,4,32,55	1259.0,5,28,52	1291.0,5,28,52	768.0,4,33,55	429.0,3,36,58	814.0,4,32,55	349.0,3,37,58	996.0,4,31,54	759.0,4,33,55	980.0,4,31,54
344.0,3,37,58	601.0,4,34,56	1032.0,5,30,54	1552.0,5,25,50	1461.0,5,26,51	1388.0,5,27,51	1136.0,5,29,53	1204.0,5,28,52	652.0,4,34,56	1284.0,5,28,52	1297.0,5,28,52	1322.0,5,27,52	1078.0,5,30,53	787.0,4,33,55	607.0,4,34,56	783.0,4,33,55	944.0,4,31,54	915.0,4,31,54	858.0,4,32,55	941.0,4,31,54	838.0,4,32,55	417.0,3,36,58	561.0,4,35,57	821.0,4,32,55	781.0,4,33,55	505.0,4,35,57	747.0,4,33,56	624.0,4,34,56	320.0,3,37,58	549.0,4,35,57	784.0,4,33,55	658.0,4,34,56	1150.0,5,29,53	884.0,4,32,55	629.0,4,34,56	270.0,3,38,59	816.0,4,32,55	1011.0,5,30,54	789.0,4,33,55	704.0,4,33,56	249.0,3,38,59	228.0,3,38,59	109.0,3,39,60	108.0,3,39,60	394.0,3,37,58	1194.0,5,29,53	945.0,4,31,54	524.0,4,35,57	126.0,3,39,60	439.0,3,36,58	755.0,4,33,55	1234.0,5,28,52	947.0,4,31,54	761.0,4,33,55	410.0,3,36,58	204.0,3,38,59	615.0,4,34,56	892.0,4,32,55	948.0,4,31,54	1071.0,5,30,53
500.0,4,35,57	1197.0,5,29,53	1535.0,5,25,50	1384.0,5,27,51	1397.0,5,27,51	1440.0,5,26,51	1192.0,5,29,53	1179.0,5,29,53	924.0,4,31,54	1163.0,5,29,53	1292.0,5,28,52	1059.0,5,30,53	718.0,4,33,56	791.0,4,33,55	894.0,4,32,55	1003.0,5,30,54	1070.0,5,30,53	1064.0,5,30,53	1026.0,5,30,54	980.0,4,31,54	542.0,4,35,57	884.0,4,32,55	704.0,4,33,56	660.0,4,34,56	454.0,3,36,57	282.0,3,38,59	577.0,4,35,57	658.0,4,34,56	439.0,3,36,58	316.0,3,37,58	770.0,4,33,55	933.0,4,31,54	1272.0,5,28,52	1130.0,5,29,53	676.0,4,34,56	479.0,3,36,57	723.0,4,33,56	998.0,4,31,54	844.0,4,32,55	381.0,3,37,58	250.0,3,38,59	245.0,3,38,59	202.0,3,38,59	262.0,3,38,59	145.0,3,39,60	597.0,4,35,57	1324.0,5,27,52	1322.0,5,27,52	464.0,3,36,57	287.0,3,38,59	692.0,4,34,56	1423.0,5,26,51	493.0,3,36,57	710.0,4,33,56	283.0,3,38,59	203.0,3,38,59	706.0,4,33,56	807.0,4,32,55	895.0,4,32,55	742.0,4,33,56
357.0,3,37,58	1333.0,5,27,52	1457.0,5,26,51	1519.0,5,25,50	1579.0,5,25,50	1197.0,5,29,53	1374.0,5,27,51	1156.0,5,29,53	869.0,4,32,55	1298.0,5,28,52	1273.0,5,28,52	783.0,4,33,55	1038.0,5,30,54	962.0,4,31,54	1116.0,5,29,53	1154.0,5,29,53	1162.0,5,29,53	1087.0,5,30,53	1163.0,5,29,53	688.0,4,34,56	957.0,4,31,54	746.0,4,33,56	596.0,4,35,57	510.0,4,35,57	418.0,3,36,58	621.0,4,34,56	618.0,4,34,56	944.0,4,31,54	620.0,4,34,56	512.0,4,35,57	750.0,4,33,55	1134.0,5,29,53	972.0,4,31,54	747.0,4,33,56	513.0,4,35,57	812.0,4,32,55	901.0,4,31,54	626.0,4,34,56	595.0,4,35,57	440.0,3,36,58	380.0,3,37,58	493.0,3,36,57	465.0,3,36,57	591.0,4,35,57	637.0,4,34,56	492.0,3,36,57	969.0,4,31,54	1181.0,5,29,53	1075.0,5,30,53	10.0,3,40,60	723.0,4,33,56	996.0,4,31,54	320.0,3,37,58	357.0,3,37,58	221.0,3,38,59	359.0,3,37,58	310.0,3,37,58	825.0,4,32,55	582.0,4,35,57	544.0,4,35,57
599.0,4,35,57	959.0,4,31,54	1516.0,5,25,50	1616.0,5,24,50	1331.0,5,27,52	1451.0,5,26,51	1465.0,5,26,51	1195.0,5,29,53	913.0,4,31,54	1218.0,5,28,52	1214.0,5,28,52	806.0,4,32,55	1265.0,5,28,52	1217.0,5,28,52	789.0,4,33,55	1333.0,5,27,52	1224.0,5,28,52	1251.0,5,28,52	1216.0,5,28,52	535.0,4,35,57	927.0,4,31,54	779.0,4,33,55	971.0,4,31,54	793.0,4,33,55	886.0,4,32,55	809.0,4,32,55	625.0,4,34,56	941.0,4,31,54	809.0,4,32,55	653.0,4,34,56	737.0,4,33,56	783.0,4,33,55	695.0,4,34,56	739.0,4,33,56	503.0,4,35,57	828.0,4,32,55	883.0,4,32,55	519.0,4,35,57	417.0,3,36,58	421.0,3,36,58	558.0,4,35,57	1006.0,5,30,54	451.0,3,36,57	1185.0,5,29,53	829.0,4,32,55	1166.0,5,29,53	982.0,4,31,54	1026.0,5,30,54	989.0,4,31,54	501.0,4,35,57	541.0,4,35,57	409.0,3,36,58	239.0,3,38,59	142.0,3,39,60	191.0,3,39,59	501.0,4,35,57	118.0,3,39,60	556.0,4,35,57	307.0,3,37,58	517.0,4,35,57
831.0,4,32,55	977.0,4,31,54	1336.0,5,27,52	1457.0,5,26,51	1523.0,5,25,50	1616.0,5,24,50	1420.0,5,26,51	1123.0,5,29,53	1445.0,5,26,51	982.0,4,31,54	998.0,4,31,54	1243.0,5,28,52	1314.0,5,27,52	1250.0,5,28,52	713.0,4,33,56	1274.0,5,28,52	1317.0,5,27,52	1335.0,5,27,52	1232.0,5,28,52	535.0,4,35,57	1167.0,5,29,53	1207.0,5,28,52	1260.0,5,28,52	1181.0,5,29,53	1156.0,5,29,53	898.0,4,32,55	542.0,4,35,57	867.0,4,32,55	618.0,4,34,56	577.0,4,35,57	493.0,3,36,57	760.0,4,33,55	512.0,4,35,57	617.0,4,34,56	570.0,4,35,57	659.0,4,34,56	718.0,4,33,56	434.0,3,36,58	443.0,3,36,58	318.0,3,37,58	1068.0,5,30,53	1345.0,5,27,52	788.0,4,33,55	1192.0,5,29,53	1026.0,5,30,54	1125.0,5,29,53	961.0,4,31,54	940.0,4,31,54	781.0,4,33,55	484.0,3,36,57	339.0,3,37,58	199.0,3,39,59	177.0,3,39,59	174.0,3,39,59	62.0,3,40,60	287.0,3,38,59	249.0,3,38,59	331.0,3,37,58	256.0,3,38,59	415.0,3,36,58
755.0,4,33,55	1158.0,5,29,53	1192.0,5,29,53	1489.0,5,26,51	1681.0,5,24,49	1781.0,5,23,49	1441.0,5,26,51	1224.0,5,28,52	1343.0,5,27,52	1077.0,5,30,53	1257.0,5,28,52	1353.0,5,27,51	1353.0,5,27,51	1353.0,5,27,51	816.0,4,32,55	1281.0,5,28,52	1300.0,5,27,52	1371.0,5,27,51	772.0,4,33,55	530.0,4,35,57	1310.0,5,27,52	1321.0,5,27,52	1327.0,5,27,52	1271.0,5,28,52	699.0,4,34,56	345.0,3,37,58	864.0,4,32,55	1068.0,5,30,53	1067.0,5,30,53	965.0,4,31,54	664.0,4,34,56	905.0,4,31,54	670.0,4,34,56	544.0,4,35,57	414.0,3,36,58	586.0,4,35,57	535.0,4,35,57	476.0,3,36,57	278.0,3,38,59	864.0,4,32,55	709.0,4,33,56	1289.0,5,28,52	1233.0,5,28,52	1718.0,5,23,49	1325.0,5,27,52	1182.0,5,29,53	1076.0,5,30,53	1279.0,5,28,52	622.0,4,34,56	311.0,3,37,58	597.0,4,35,57	1258.0,5,28,52	851.0,4,32,55	191.0,3,39,59	154.0,3,39,59	62.0,3,40,60	62.0,3,40,60	100.0,3,39,60	205.0,3,38,59	145.0,3,39,60
645.0,4,34,56	948.0,4,31,54	1666.0,5,24,49	1424.0,5,26,51	1873.0,5,22,48	1675.0,5,24,49	1505.0,5,25,50	1189.0,5,29,53	1409.0,5,26,51	1242.0,5,28,52	1514.0,5,25,50	1368.0,5,27,51	1300.0,5,27,52	1276.0,5,28,52	986.0,4,31,54	1349.0,5,27,52	1146.0,5,29,53	1391.0,5,27,51	1365.0,5,27,51	559.0,4,35,57	1479.0,5,26,51	1631.0,5,24,50	1362.0,5,27,51	1103.0,5,29,53	568.0,4,35,57	699.0,4,34,56	1240.0,5,28,52	1256.0,5,28,52	1048.0,5,30,54	1027.0,5,30,54	592.0,4,35,57	1125.0,5,29,53	991.0,4,31,54	696.0,4,34,56	573.0,4,35,57	590.0,4,35,57	521.0,4,35,57	812.0,4,32,55	671.0,4,34,56	790.0,4,33,55	1321.0,5,27,52	1227.0,5,28,52	1793.0,5,23,49	1526.0,5,25,50	945.0,4,31,54	917.0,4,31,54	948.0,4,31,54	1492.0,5,26,51	730.0,4,33,56	450.0,3,36,57	352.0,3,37,58	987.0,4,31,54	755.0,4,33,55	497.0,3,36,57	178.0,3,39,59	160.0,3,39,59	137.0,3,39,60	97.0,3,40,60	110.0,3,39,60	139.0,3,39,60
889.0,4,32,55	790.0,4,33,55	1354.0,5,27,51	1549.0,5,25,50	1881.0,5,22,48	1767.0,5,23,49	1460.0,5,26,51	1351.0,5,27,51	1546.0,5,25,50	1281.0,5,28,52	1412.0,5,26,51	1438.0,5,26,51	1468.0,5,26,51	1501.0,5,25,50	1152.0,5,29,53	1447.0,5,26,51	1406.0,5,26,51	1190.0,5,29,53	1426.0,5,26,51	698.0,4,34,56	1387.0,5,27,51	1673.0,5,24,49	1575.0,5,25,50	1080.0,5,30,53	713.0,4,33,56	1090.0,5,30,53	1419.0,5,26,51	1209.0,5,28,52	1315.0,5,27,52	1348.0,5,27,52	746.0,4,33,56	1181.0,5,29,53	572.0,4,35,57	1008.0,5,30,54	654.0,4,34,56	966.0,4,31,54	475.0,3,36,57	1016.0,5,30,54	492.0,3,36,57	1258.0,5,28,52	1528.0,5,25,50	1373.0,5,27,51	1613.0,5,24,50	1689.0,5,24,49	1326.0,5,27,52	635.0,4,34,56	781.0,4,33,55	905.0,4,31,54	909.0,4,31,54	518.0,4,35,57	251.0,3,38,59	902.0,4,31,54	1160.0,5,29,53	618.0,4,34,56	185.0,3,39,59	361.0,3,37,58	198.0,3,39,59	290.0,3,38,59	62.0,3,40,60	117.0,3,39,60
935.0,4,31,54	996.0,4,31,54	1277.0,5,28,52	1745.0,5,23,49	1872.0,5,22,48	1759.0,5,23,49	1407.0,5,26,51	1625.0,5,24,50	1767.0,5,23,49	1298.0,5,28,52	1505.0,5,25,50	1534.0,5,25,50	1598.0,5,25,50	1558.0,5,25,50	1195.0,5,29,53	1474.0,5,26,51	1564.0,5,25,50	1340.0,5,27,52	1412.0,5,26,51	733.0,4,33,56	946.0,4,31,54	1453.0,5,26,51	1493.0,5,26,51	873.0,4,32,55	667.0,4,34,56	1413.0,5,26,51	1511.0,5,25,50	1368.0,5,27,51	1523.0,5,25,50	833.0,4,32,55	1038.0,5,30,54	1349.0,5,27,52	626.0,4,34,56	1142.0,5,29,53	673.0,4,34,56	1307.0,5,27,52	600.0,4,34,56	1081.0,5,30,53	352.0,3,37,58	1118.0,5,29,53	1577.0,5,25,50	1471.0,5,26,51	1717.0,5,23,49	1394.0,5,27,51	1104.0,5,29,53	984.0,4,31,54	534.0,4,35,57	501.0,4,35,57	580.0,4,35,57	536.0,4,35,57	409.0,3,36,58	1029.0,5,30,54	1481.0,5,26,51	587.0,4,35,57	351.0,3,37,58	421.0,3,36,58	279.0,3,38,59	282.0,3,38,59	93.0,3,40,60	145.0,3,39,60
1240.0,5,28,52	1440.0,5,26,51	1308.0,5,27,52	1737.0,5,23,49	1836.0,5,22,48	1708.0,5,23,49	1644.0,5,24,50	1742.0,5,23,49	1350.0,5,27,51	1397.0,5,27,51	1636.0,5,24,50	1552.0,5,25,50	1547.0,5,25,50	1539.0,5,25,50	1413.0,5,26,51	1590.0,5,25,50	1686.0,5,24,49	1201.0,5,28,52	1073.0,5,30,53	659.0,4,34,56	741.0,4,33,56	1071.0,5,30,53	846.0,4,32,55	626.0,4,34,56	624.0,4,34,56	957.0,4,31,54	1403.0,5,26,51	1330.0,5,27,52	952.0,4,31,54	655.0,4,34,56	1271.0,5,28,52	1218.0,5,28,52	713.0,4,33,56	1480.0,5,26,51	797.0,4,33,55	1388.0,5,27,51	1000.0,5,30,54	1331.0,5,27,52	563.0,4,35,57	1154.0,5,29,53	1648.0,5,24,50	1235.0,5,28,52	1334.0,5,27,52	1357.0,5,27,51	1121.0,5,29,53	702.0,4,33,56	655.0,4,34,56	895.0,4,32,55	589.0,4,35,57	236.0,3,38,59	665.0,4,34,56	977.0,4,31,54	1493.0,5,26,51	1077.0,5,30,53	617.0,4,34,56	529.0,4,35,57	410.0,3,36,58	229.0,3,38,59	90.0,3,40,60	60.0,3,40,60
1408.0,5,26,51	1626.0,5,24,50	1881.0,5,22,48	1748.0,5,23,49	1712.0,5,23,49	1506.0,5,25,50	1682.0,5,24,49	1575.0,5,25,50	1523.0,5,25,50	1520.0,5,25,50	1618.0,5,24,50	1589.0,5,25,50	1587.0,5,25,50	1572.0,5,25,50	1542.0,5,25,50	1593.0,5,25,50	1168.0,5,29,53	959.0,4,31,54	1077.0,5,30,53	873.0,4,32,55	1002.0,5,30,54	916.0,4,31,54	736.0,4,33,56	544.0,4,35,57	649.0,4,34,56	802.0,4,32,55	1126.0,5,29,53	994.0,4,31,54	875.0,4,32,55	722.0,4,33,56	966.0,4,31,54	787.0,4,33,55	727.0,4,33,56	1126.0,5,29,53	1013.0,5,30,54	1541.0,5,25,50	891.0,4,32,55	1382.0,5,27,51	526.0,4,35,57	1016.0,5,30,54	1590.0,5,25,50	1549.0,5,25,50	1129.0,5,29,53	982.0,4,31,54	826.0,4,32,55	582.0,4,35,57	1252.0,5,28,52	1192.0,5,29,53	1125.0,5,29,53	366.0,3,37,58	476.0,3,36,57	1228.0,5,28,52	1405.0,5,26,51	1117.0,5,29,53	898.0,4,32,55	368.0,3,37,58	230.0,3,38,59	216.0,3,38,59	132.0,3,39,60	81.0,3,40,60
1640.0,5,24,50	1680.0,5,24,49	1879.0,5,22,48	1864.0,5,22,48	1664.0,5,24,49	1451.0,5,26,51	1712.0,5,23,49	1599.0,5,25,50	1744.0,5,23,49	1467.0,5,26,51	1625.0,5,24,50	1549.0,5,25,50	1527.0,5,25,50	1649.0,5,24,50	1678.0,5,24,49	1802.0,5,22,48	1102.0,5,29,53	917.0,4,31,54	941.0,4,31,54	872.0,4,32,55	1129.0,5,29,53	934.0,4,31,54	746.0,4,33,56	932.0,4,31,54	1089.0,5,30,53	987.0,4,31,54	1084.0,5,30,53	1126.0,5,29,53	915.0,4,31,54	925.0,4,31,54	1127.0,5,29,53	751.0,4,33,55	608.0,4,34,56	946.0,4,31,54	1080.0,5,30,53	1225.0,5,28,52	1189.0,5,29,53	971.0,4,31,54	432.0,3,36,58	753.0,4,33,55	1441.0,5,26,51	1417.0,5,26,51	1237.0,5,28,52	1013.0,5,30,54	757.0,4,33,55	803.0,4,32,55	1063.0,5,30,53	1439.0,5,26,51	837.0,4,32,55	694.0,4,34,56	505.0,4,35,57	1395.0,5,27,51	1302.0,5,27,52	1258.0,5,28,52	663.0,4,34,56	506.0,4,35,57	379.0,3,37,58	266.0,3,38,59	131.0,3,39,60	112.0,3,39,60
1665.0,5,24,49	1774.0,5,23,49	1831.0,5,22,48	1634.0,5,24,50	1547.0,5,25,50	1650.0,5,24,49	1638.0,5,24,50	1619.0,5,24,50	1680.0,5,24,49	1519.0,5,25,50	1636.0,5,24,50	1437.0,5,26,51	1545.0,5,25,50	1725.0,5,23,49	1709.0,5,23,49	1690.0,5,24,49	1460.0,5,26,51	1071.0,5,30,53	946.0,4,31,54	905.0,4,31,54	964.0,4,31,54	802.0,4,32,55	981.0,4,31,54	1128.0,5,29,53	1322.0,5,27,52	1356.0,5,27,51	1104.0,5,29,53	1082.0,5,30,53	1199.0,5,29,53	1269.0,5,28,52	1218.0,5,28,52	728.0,4,33,56	912.0,4,31,54	921.0,4,31,54	1177.0,5,29,53	1113.0,5,29,53	1353.0,5,27,51	953.0,4,31,54	533.0,4,35,57	687.0,4,34,56	1081.0,5,30,53	1453.0,5,26,51	1211.0,5,28,52	868.0,4,32,55	993.0,4,31,54	593.0,4,35,57	421.0,3,36,58	953.0,4,31,54	888.0,4,32,55	353.0,3,37,58	794.0,4,33,55	977.0,4,31,54	1320.0,5,27,52	1232.0,5,28,52	925.0,4,31,54	597.0,4,35,57	358.0,3,37,58	199.0,3,39,59	124.0,3,39,60	261.0,3,38,59
1780.0,5,23,49	1700.0,5,23,49	1723.0,5,23,49	1605.0,5,24,50	1574.0,5,25,50	1767.0,5,23,49	1630.0,5,24,50	1725.0,5,23,49	1640.0,5,24,50	1564.0,5,25,50	1619.0,5,24,50	1542.0,5,25,50	1715.0,5,23,49	1668.0,5,24,49	1731.0,5,23,49	1620.0,5,24,50	1540.0,5,25,50	1340.0,5,27,52	1139.0,5,29,53	1069.0,5,30,53	939.0,4,31,54	1068.0,5,30,53	1081.0,5,30,53	1116.0,5,29,53	1181.0,5,29,53	1249.0,5,28,52	1450.0,5,26,51	1254.0,5,28,52	1337.0,5,27,52	1332.0,5,27,52	1149.0,5,29,53	826.0,4,32,55	1020.0,5,30,54	936.0,4,31,54	1273.0,5,28,52	1222.0,5,28,52	1425.0,5,26,51	683.0,4,34,56	674.0,4,34,56	658.0,4,34,56	978.0,4,31,54	1476.0,5,26,51	1311.0,5,27,52	914.0,4,31,54	696.0,4,34,56	482.0,3,36,57	493.0,3,36,57	524.0,4,35,57	731.0,4,33,56	446.0,3,36,58	976.0,4,31,54	1245.0,5,28,52	1385.0,5,27,51	1312.0,5,27,52	1098.0,5,30,53	584.0,4,35,57	399.0,3,37,58	300.0,3,37,58	152.0,3,39,59	468.0,3,36,57
1650.0,5,24,49	1656.0,5,24,49	1689.0,5,24,49	1492.0,5,26,51	1553.0,5,25,50	1628.0,5,24,50	1598.0,5,25,50	1617.0,5,24,50	1492.0,5,26,51	1601.0,5,24,50	1549.0,5,25,50	1320.0,5,27,52	1450.0,5,26,51	1606.0,5,24,50	1603.0,5,24,50	1541.0,5,25,50	1634.0,5,24,50	1624.0,5,24,50	1508.0,5,25,50	921.0,4,31,54	901.0,4,31,54	778.0,4,33,55	1212.0,5,28,52	1259.0,5,28,52	1379.0,5,27,51	1441.0,5,26,51	1108.0,5,29,53	1349.0,5,27,52	1317.0,5,27,52	1065.0,5,30,53	1023.0,5,30,54	1042.0,5,30,54	1104.0,5,29,53	1129.0,5,29,53	1559.0,5,25,50	1353.0,5,27,51	1016.0,5,30,54	594.0,4,35,57	657.0,4,34,56	912.0,4,31,54	1219.0,5,28,52	1315.0,5,27,52	1251.0,5,28,52	1462.0,5,26,51	1322.0,5,27,52	805.0,4,32,55	692.0,4,34,56	285.0,3,38,59	599.0,4,35,57	764.0,4,33,55	1008.0,5,30,54	1120.0,5,29,53	1294.0,5,28,52	1162.0,5,29,53	1019.0,5,30,54	921.0,4,31,54	248.0,3,38,59	226.0,3,38,59	274.0,3,38,59	703.0,4,33,56
1654.0,5,24,49	1684.0,5,24,49	1524.0,5,25,50	1314.0,5,27,52	1451.0,5,26,51	1496.0,5,26,51	1490.0,5,26,51	1431.0,5,26,51	1272.0,5,28,52	1437.0,5,26,51	1325.0,5,27,52	1298.0,5,28,52	1562.0,5,25,50	1362.0,5,27,51	1359.0,5,27,51	1569.0,5,25,50	1505.0,5,25,50	1632.0,5,24,50	1648.0,5,24,50	1315.0,5,27,52	980.0,4,31,54	1285.0,5,28,52	943.0,4,31,54	1434.0,5,26,51	1210.0,5,28,52	1174.0,5,29,53	1331.0,5,27,52	1261.0,5,28,52	1239.0,5,28,52	1054.0,5,30,53	887.0,4,32,55	1136.0,5,29,53	1110.0,5,29,53	1401.0,5,26,51	1923.0,5,21,48	1601.0,5,24,50	1065.0,5,30,53	765.0,4,33,55	785.0,4,33,55	948.0,4,31,54	1324.0,5,27,52	931.0,4,31,54	708.0,4,33,56	1062.0,5,30,53	1111.0,5,29,53	1151.0,5,29,53	522.0,4,35,57	531.0,4,35,57	424.0,3,36,58	767.0,4,33,55	940.0,4,31,54	883.0,4,32,55	1203.0,5,28,52	1201.0,5,28,52	876.0,4,32,55	681.0,4,34,56	196.0,3,39,59	194.0,3,39,59	441.0,3,36,58	494.0,3,36,57
1525.0,5,25,50	1619.0,5,24,50	1433.0,5,26,51	1303.0,5,27,52	1429.0,5,26,51	1370.0,5,27,51	1573.0,5,25,50	1317.0,5,27,52	1333.0,5,27,52	1124.0,5,29,53	988.0,4,31,54	1345.0,5,27,52	1033.0,5,30,54	1409.0,5,26,51	1610.0,5,24,50	1612.0,5,24,50	1631.0,5,24,50	1779.0,5,23,49	1705.0,5,23,49	1290.0,5,28,52	1168.0,5,29,53	1149.0,5,29,53	1223.0,5,28,52	1270.0,5,28,52	1086.0,5,30,53	1220.0,5,28,52	1505.0,5,25,50	1075.0,5,30,53	1246.0,5,28,52	1110.0,5,29,53	953.0,4,31,54	1117.0,5,29,53	1488.0,5,26,51	1744.0,5,23,49	1917.0,5,21,48	1837.0,5,22,48	936.0,4,31,54	853.0,4,32,55	765.0,4,33,55	1096.0,5,30,53	1378.0,5,27,51	1207.0,5,28,52	1265.0,5,28,52	675.0,4,34,56	956.0,4,31,54	776.0,4,33,55	531.0,4,35,57	895.0,4,32,55	560.0,4,35,57	939.0,4,31,54	892.0,4,32,55	1039.0,5,30,54	910.0,4,31,54	1071.0,5,30,53	451.0,3,36,57	397.0,3,37,58	237.0,3,38,59	517.0,4,35,57	593.0,4,35,57	459.0,3,36,57
1452.0,5,26,51	1391.0,5,27,51	1459.0,5,26,51	1198.0,5,29,53	1518.0,5,25,50	1422.0,5,26,51	1414.0,5,26,51	1146.0,5,29,53	1319.0,5,27,52	927.0,4,31,54	1061.0,5,30,53	958.0,4,31,54	1472.0,5,26,51	1602.0,5,24,50	1421.0,5,26,51	1411.0,5,26,51	1568.0,5,25,50	1744.0,5,23,49	1459.0,5,26,51	1473.0,5,26,51	1114.0,5,29,53	1159.0,5,29,53	1357.0,5,27,51	1439.0,5,26,51	1287.0,5,28,52	1246.0,5,28,52	1510.0,5,25,50	1189.0,5,29,53	1414.0,5,26,51	1083.0,5,30,53	1147.0,5,29,53	1439.0,5,26,51	1393.0,5,27,51	1939.0,5,21,48	1927.0,5,21,48	1616.0,5,24,50	1136.0,5,29,53	954.0,4,31,54	1099.0,5,30,53	1505.0,5,25,50	1121.0,5,29,53	1205.0,5,28,52	783.0,4,33,55	793.0,4,33,55	714.0,4,33,56	333.0,3,37,58	706.0,4,33,56	1242.0,5,28,52	500.0,4,35,57	827.0,4,32,55	987.0,4,31,54	1183.0,5,29,53	1176.0,5,29,53	666.0,4,34,56	540.0,4,35,57	511.0,4,35,57	670.0,4,34,56	492.0,3,36,57	493.0,3,36,57	789.0,4,33,55
1402.0,5,26,51	1434.0,5,26,51	1429.0,5,26,51	1279.0,5,28,52	1177.0,5,29,53	1313.0,5,27,52	1337.0,5,27,52	1201.0,5,28,52	1106.0,5,29,53	839.0,4,32,55	1181.0,5,29,53	1411.0,5,26,51	1492.0,5,26,51	1589.0,5,25,50	1432.0,5,26,51	1206.0,5,28,52	1629.0,5,24,50	1327.0,5,27,52	1410.0,5,26,51	1270.0,5,28,52	1162.0,5,29,53	1171.0,5,29,53	1389.0,5,27,51	1341.0,5,27,52	1384.0,5,27,51	1381.0,5,27,51	1696.0,5,24,49	1284.0,5,28,52	1618.0,5,24,50	1256.0,5,28,52	1477.0,5,26,51	1602.0,5,24,50	1375.0,5,27,51	1941.0,5,21,48	1934.0,5,21,48	1792.0,5,23,49	1554.0,5,25,50	1430.0,5,26,51	1525.0,5,25,50	1361.0,5,27,51	1005.0,5,30,54	685.0,4,34,56	690.0,4,34,56	676.0,4,34,56	645.0,4,34,56	507.0,4,35,57	942.0,4,31,54	1204.0,5,28,52	704.0,4,33,56	708.0,4,33,56	1084.0,5,30,53	1075.0,5,30,53	1183.0,5,29,53	740.0,4,33,56	426.0,3,36,58	943.0,4,31,54	818.0,4,32,55	810.0,4,32,55	771.0,4,33,55	516.0,4,35,57
1221.0,5,28,52	1282.0,5,28,52	1161.0,5,29,53	1106.0,5,29,53	1042.0,5,30,54	1029.0,5,30,54	1139.0,5,29,53	1117.0,5,29,53	1406.0,5,26,51	1044.0,5,30,54	1393.0,5,27,51	1526.0,5,25,50	1462.0,5,26,51	1485.0,5,26,51	1169.0,5,29,53	1289.0,5,28,52	1332.0,5,27,52	1440.0,5,26,51	1559.0,5,25,50	1107.0,5,29,53	1017.0,5,30,54	1116.0,5,29,53	1418.0,5,26,51	1180.0,5,29,53	1175.0,5,29,53	1351.0,5,27,51	1712.0,5,23,49	1882.0,5,22,48	1799.0,5,23,49	1516.0,5,25,50	1736.0,5,23,49	1342.0,5,27,52	1490.0,5,26,51	1703.0,5,23,49	1852.0,5,22,48	1780.0,5,23,49	1390.0,5,27,51	1583.0,5,25,50	1164.0,5,29,53	855.0,4,32,55	946.0,4,31,54	633.0,4,34,56	653.0,4,34,56	1044.0,5,30,54	959.0,4,31,54	657.0,4,34,56	773.0,4,33,55	1054.0,5,30,53	947.0,4,31,54	606.0,4,34,56	1120.0,5,29,53	1197.0,5,29,53	1125.0,5,29,53	1101.0,5,29,53	360.0,3,37,58	974.0,4,31,54	832.0,4,32,55	751.0,4,33,55	816.0,4,32,55	664.0,4,34,56
1150.0,5,29,53	1143.0,5,29,53	1158.0,5,29,53	1214.0,5,28,52	1189.0,5,29,53	1109.0,5,29,53	1404.0,5,26,51	1340.0,5,27,52	1058.0,5,30,53	1019.0,5,30,54	1351.0,5,27,51	1510.0,5,25,50	1479.0,5,26,51	1295.0,5,28,52	1183.0,5,29,53	1294.0,5,28,52	1413.0,5,26,51	1700.0,5,23,49	1601.0,5,24,50	1358.0,5,27,51	1055.0,5,30,53	1024.0,5,30,54	1254.0,5,28,52	1143.0,5,29,53	1127.0,5,29,53	1427.0,5,26,51	1669.0,5,24,49	1698.0,5,24,49	1722.0,5,23,49	1233.0,5,28,52	1739.0,5,23,49	1585.0,5,25,50	1244.0,5,28,52	1346.0,5,27,52	1804.0,5,22,48	1604.0,5,24,50	1354.0,5,27,51	1387.0,5,27,51	1057.0,5,30,53	1120.0,5,29,53	691.0,4,34,56	988.0,4,31,54	1192.0,5,29,53	1061.0,5,30,53	1100.0,5,29,53	671.0,4,34,56	826.0,4,32,55	1003.0,5,30,54	995.0,4,31,54	557.0,4,35,57	896.0,4,32,55	1307.0,5,27,52	1123.0,5,29,53	1066.0,5,30,53	873.0,4,32,55	933.0,4,31,54	773.0,4,33,55	664.0,4,34,56	376.0,3,37,58	497.0,3,36,57
1308.0,5,27,52	1325.0,5,27,52	1092.0,5,30,53	1253.0,5,28,52	1267.0,5,28,52	1100.0,5,29,53	1182.0,5,29,53	1158.0,5,29,53	993.0,4,31,54	1133.0,5,29,53	1494.0,5,26,51	1403.0,5,26,51	1464.0,5,26,51	1344.0,5,27,52	1189.0,5,29,53	1498.0,5,26,51	1531.0,5,25,50	1620.0,5,24,50	1575.0,5,25,50	1400.0,5,26,51	1084.0,5,30,53	920.0,4,31,54	1048.0,5,30,54	1241.0,5,28,52	1043.0,5,30,54	1360.0,5,27,51	1585.0,5,25,50	1627.0,5,24,50	1653.0,5,24,49	1138.0,5,29,53	1613.0,5,24,50	1695.0,5,24,49	1560.0,5,25,50	1278.0,5,28,52	1503.0,5,25,50	1347.0,5,27,52	1234.0,5,28,52	1325.0,5,27,52	960.0,4,31,54	731.0,4,33,56	864.0,4,32,55	1247.0,5,28,52	1170.0,5,29,53	1256.0,5,28,52	1010.0,5,30,54	801.0,4,32,55	933.0,4,31,54	1026.0,5,30,54	1079.0,5,30,53	514.0,4,35,57	881.0,4,32,55	1123.0,5,29,53	1242.0,5,28,52	951.0,4,31,54	1036.0,5,30,54	989.0,4,31,54	663.0,4,34,56	512.0,4,35,57	579.0,4,35,57	580.0,4,35,57
1363.0,5,27,51	1353.0,5,27,51	1239.0,5,28,52	1300.0,5,27,52	1132.0,5,29,53	1002.0,5,30,54	1073.0,5,30,53	980.0,4,31,54	786.0,4,33,55	1338.0,5,27,52	1420.0,5,26,51	1453.0,5,26,51	1130.0,5,29,53	1348.0,5,27,52	1170.0,5,29,53	1470.0,5,26,51	1446.0,5,26,51	1517.0,5,25,50	1703.0,5,23,49	1064.0,5,30,53	1020.0,5,30,54	867.0,4,32,55	1203.0,5,28,52	1092.0,5,30,53	1091.0,5,30,53	1255.0,5,28,52	1537.0,5,25,50	1541.0,5,25,50	1526.0,5,25,50	1066.0,5,30,53	1427.0,5,26,51	1545.0,5,25,50	1554.0,5,25,50	1184.0,5,29,53	1489.0,5,26,51	1557.0,5,25,50	1246.0,5,28,52	1046.0,5,30,54	987.0,4,31,54	1013.0,5,30,54	1087.0,5,30,53	1156.0,5,29,53	1247.0,5,28,52	1398.0,5,27,51	941.0,4,31,54	689.0,4,34,56	1050.0,5,30,53	1239.0,5,28,52	947.0,4,31,54	616.0,4,34,56	693.0,4,34,56	1198.0,5,29,53	1221.0,5,28,52	1121.0,5,29,53	941.0,4,31,54	893.0,4,32,55	911.0,4,31,54	849.0,4,32,55	656.0,4,34,56	618.0,4,34,56
1340.0,5,27,52	1285.0,5,28,52	1189.0,5,29,53	941.0,4,31,54	979.0,4,31,54	975.0,4,31,54	891.0,4,32,55	1097.0,5,30,53	965.0,4,31,54	1272.0,5,28,52	1336.0,5,27,52	1230.0,5,28,52	1073.0,5,30,53	900.0,4,31,54	1459.0,5,26,51	1515.0,5,25,50	1277.0,5,28,52	1505.0,5,25,50	1501.0,5,25,50	1263.0,5,28,52	1154.0,5,29,53	955.0,4,31,54	1231.0,5,28,52	1161.0,5,29,53	1060.0,5,30,53	1250.0,5,28,52	1399.0,5,27,51	1652.0,5,24,49	1530.0,5,25,50	1431.0,5,26,51	1157.0,5,29,53	1538.0,5,25,50	1559.0,5,25,50	1048.0,5,30,54	1819.0,5,22,48	1721.0,5,23,49	1519.0,5,25,50	1372.0,5,27,51	1252.0,5,28,52	1346.0,5,27,52	1290.0,5,28,52	1388.0,5,27,51	1347.0,5,27,52	933.0,4,31,54	1114.0,5,29,53	723.0,4,33,56	996.0,4,31,54	1044.0,5,30,54	778.0,4,33,55	761.0,4,33,55	627.0,4,34,56	889.0,4,32,55	1060.0,5,30,53	1059.0,5,30,53	1088.0,5,30,53	1116.0,5,29,53	922.0,4,31,54	1083.0,5,30,53	624.0,4,34,56	637.0,4,34,56
1074.0,5,30,53	895.0,4,32,55	839.0,4,32,55	866.0,4,32,55	831.0,4,32,55	893.0,4,32,55	860.0,4,32,55	869.0,4,32,55	899.0,4,32,55	1089.0,5,30,53	1370.0,5,27,51	1101.0,5,29,53	959.0,4,31,54	1361.0,5,27,51	1354.0,5,27,51	1518.0,5,25,50	1414.0,5,26,51	1363.0,5,27,51	1272.0,5,28,52	1312.0,5,27,52	1212.0,5,28,52	779.0,4,33,55	1150.0,5,29,53	970.0,4,31,54	1035.0,5,30,54	1126.0,5,29,53	1376.0,5,27,51	1387.0,5,27,51	1278.0,5,28,52	1591.0,5,25,50	1361.0,5,27,51	1516.0,5,25,50	1283.0,5,28,52	1291.0,5,28,52	1569.0,5,25,50	1580.0,5,25,50	1613.0,5,24,50	1749.0,5,23,49	1372.0,5,27,51	1532.0,5,25,50	1442.0,5,26,51	1468.0,5,26,51	1135.0,5,29,53	1064.0,5,30,53	1274.0,5,28,52	837.0,4,32,55	1150.0,5,29,53	955.0,4,31,54	780.0,4,33,55	871.0,4,32,55	788.0,4,33,55	842.0,4,32,55	846.0,4,32,55	1132.0,5,29,53	1133.0,5,29,53	1174.0,5,29,53	699.0,4,34,56	978.0,4,31,54	809.0,4,32,55	600.0,4,34,56
865.0,4,32,55	855.0,4,32,55	741.0,4,33,56	759.0,4,33,55	766.0,4,33,55	797.0,4,33,55	694.0,4,34,56	918.0,4,31,54	1104.0,5,29,53	1227.0,5,28,52	1151.0,5,29,53	1083.0,5,30,53	824.0,4,32,55	1244.0,5,28,52	1290.0,5,28,52	1249.0,5,28,52	1504.0,5,25,50	1352.0,5,27,51	1275.0,5,28,52	1188.0,5,29,53	1045.0,5,30,54	917.0,4,31,54	1015.0,5,30,54	1378.0,5,27,51	1261.0,5,28,52	1122.0,5,29,53	1476.0,5,26,51	1244.0,5,28,52	1360.0,5,27,51	1616.0,5,24,50	1406.0,5,26,51	1676.0,5,24,49	987.0,4,31,54	1393.0,5,27,51	1229.0,5,28,52	1288.0,5,28,52	1399.0,5,27,51	1552.0,5,25,50	1627.0,5,24,50	1750.0,5,23,49	1577.0,5,25,50	1285.0,5,28,52	1111.0,5,29,53	1257.0,5,28,52	1228.0,5,28,52	941.0,4,31,54	1326.0,5,27,52	851.0,4,32,55	1123.0,5,29,53	992.0,4,31,54	969.0,4,31,54	1023.0,5,30,54	739.0,4,33,56	859.0,4,32,55	822.0,4,32,55	825.0,4,32,55	642.0,4,34,56	867.0,4,32,55	940.0,4,31,54	669.0,4,34,56
802.0,4,32,55	775.0,4,33,55	743.0,4,33,56	704.0,4,33,56	700.0,4,33,56	791.0,4,33,55	888.0,4,32,55	1041.0,5,30,54	1199.0,5,29,53	1249.0,5,28,52	1235.0,5,28,52	1224.0,5,28,52	1104.0,5,29,53	1138.0,5,29,53	1272.0,5,28,52	1249.0,5,28,52	1388.0,5,27,51	1404.0,5,26,51	1331.0,5,27,52	1127.0,5,29,53	942.0,4,31,54	660.0,4,34,56	930.0,4,31,54	1370.0,5,27,51	764.0,4,33,55	1033.0,5,30,54	1381.0,5,27,51	1252.0,5,28,52	1124.0,5,29,53	1080.0,5,30,53	1384.0,5,27,51	1520.0,5,25,50	919.0,4,31,54	1058.0,5,30,53	1042.0,5,30,54	1038.0,5,30,54	1067.0,5,30,53	1109.0,5,29,53	1573.0,5,25,50	1563.0,5,25,50	1681.0,5,24,49	1619.0,5,24,50	1227.0,5,28,52	1683.0,5,24,49	1048.0,5,30,54	1305.0,5,27,52	1438.0,5,26,51	1058.0,5,30,53	948.0,4,31,54	1160.0,5,29,53	845.0,4,32,55	1003.0,5,30,54	776.0,4,33,55	728.0,4,33,56	722.0,4,33,56	693.0,4,34,56	688.0,4,34,56	568.0,4,35,57	884.0,4,32,55	617.0,4,34,56
895.0,4,32,55	760.0,4,33,55	803.0,4,32,55	693.0,4,34,56	680.0,4,34,56	674.0,4,34,56	1100.0,5,29,53	1008.0,5,30,54	1069.0,5,30,53	1177.0,5,29,53	1133.0,5,29,53	1032.0,5,30,54	916.0,4,31,54	1146.0,5,29,53	1275.0,5,28,52	1290.0,5,28,52	1397.0,5,27,51	1302.0,5,27,52	1382.0,5,27,51	1132.0,5,29,53	851.0,4,32,55	918.0,4,31,54	805.0,4,32,55	1022.0,5,30,54	701.0,4,33,56	1332.0,5,27,52	1230.0,5,28,52	1344.0,5,27,52	1113.0,5,29,53	1139.0,5,29,53	1221.0,5,28,52	963.0,4,31,54	692.0,4,34,56	967.0,4,31,54	1018.0,5,30,54	845.0,4,32,55	849.0,4,32,55	1318.0,5,27,52	1633.0,5,24,50	1765.0,5,23,49	1751.0,5,23,49	1238.0,5,28,52	1382.0,5,27,51	1655.0,5,24,49	1162.0,5,29,53	1357.0,5,27,51	1275.0,5,28,52	1036.0,5,30,54	1074.0,5,30,53	979.0,4,31,54	1104.0,5,29,53	904.0,4,31,54	946.0,4,31,54	842.0,4,32,55	818.0,4,32,55	799.0,4,33,55	486.0,3,36,57	341.0,3,37,58	719.0,4,33,56	664.0,4,34,56
950.0,4,31,54	890.0,4,32,55	732.0,4,33,56	785.0,4,33,55	779.0,4,33,55	862.0,4,32,55	745.0,4,33,56	992.0,4,31,54	1118.0,5,29,53	1248.0,5,28,52	1087.0,5,30,53	1162.0,5,29,53	970.0,4,31,54	1170.0,5,29,53	1102.0,5,29,53	1335.0,5,27,52	1237.0,5,28,52	1284.0,5,28,52	1299.0,5,28,52	1138.0,5,29,53	1135.0,5,29,53	1299.0,5,28,52	1033.0,5,30,54	883.0,4,32,55	832.0,4,32,55	1330.0,5,27,52	1204.0,5,28,52	1427.0,5,26,51	992.0,4,31,54	846.0,4,32,55	978.0,4,31,54	840.0,4,32,55	624.0,4,34,56	708.0,4,33,56	885.0,4,32,55	1054.0,5,30,53	1217.0,5,28,52	952.0,4,31,54	1428.0,5,26,51	1357.0,5,27,51	1537.0,5,25,50	1506.0,5,25,50	1526.0,5,25,50	1499.0,5,26,51	1073.0,5,30,53	1486.0,5,26,51	1739.0,5,23,49	1001.0,5,30,54	1062.0,5,30,53	1106.0,5,29,53	1099.0,5,30,53	901.0,4,31,54	912.0,4,31,54	1062.0,5,30,53	885.0,4,32,55	735.0,4,33,56	401.0,3,36,58	586.0,4,35,57	622.0,4,34,56	846.0,4,32,55
995.0,4,31,54	787.0,4,33,55	760.0,4,33,55	794.0,4,33,55	847.0,4,32,55	1153.0,5,29,53	813.0,4,32,55	1148.0,5,29,53	1237.0,5,28,52	1269.0,5,28,52	863.0,4,32,55	1299.0,5,28,52	1259.0,5,28,52	1375.0,5,27,51	1033.0,5,30,54	1305.0,5,27,52	1388.0,5,27,51	1178.0,5,29,53	1291.0,5,28,52	1118.0,5,29,53	1292.0,5,28,52	1296.0,5,28,52	1198.0,5,29,53	760.0,4,33,55	1008.0,5,30,54	1260.0,5,28,52	1139.0,5,29,53	777.0,4,33,55	824.0,4,32,55	866.0,4,32,55	824.0,4,32,55	967.0,4,31,54	594.0,4,35,57	740.0,4,33,56	803.0,4,32,55	813.0,4,32,55	789.0,4,33,55	872.0,4,32,55	830.0,4,32,55	1022.0,5,30,54	1092.0,5,30,53	1305.0,5,27,52	1465.0,5,26,51	1363.0,5,27,51	1202.0,5,28,52	1329.0,5,27,52	1691.0,5,24,49	1042.0,5,30,54	838.0,4,32,55	1131.0,5,29,53	1099.0,5,30,53	1020.0,5,30,54	947.0,4,31,54	977.0,4,31,54	843.0,4,32,55	777.0,4,33,55	537.0,4,35,57	386.0,3,37,58	484.0,3,36,57	807.0,4,32,55
1025.0,5,30,54	797.0,4,33,55	790.0,4,33,55	874.0,4,32,55	1220.0,5,28,52	1071.0,5,30,53	561.0,4,35,57	1217.0,5,28,52	1105.0,5,29,53	1076.0,5,30,53	1133.0,5,29,53	1279.0,5,28,52	1240.0,5,28,52	1087.0,5,30,53	1179.0,5,29,53	1296.0,5,28,52	1366.0,5,27,51	1267.0,5,28,52	1167.0,5,29,53	1142.0,5,29,53	1260.0,5,28,52	1216.0,5,28,52	1017.0,5,30,54	911.0,4,31,54	1171.0,5,29,53	1237.0,5,28,52	881.0,4,32,55	819.0,4,32,55	598.0,4,35,57	652.0,4,34,56	792.0,4,33,55	691.0,4,34,56	510.0,4,35,57	648.0,4,34,56	840.0,4,32,55	779.0,4,33,55	812.0,4,32,55	954.0,4,31,54	1084.0,5,30,53	1247.0,5,28,52	1192.0,5,29,53	1217.0,5,28,52	1348.0,5,27,52	1272.0,5,28,52	1162.0,5,29,53	1356.0,5,27,51	1144.0,5,29,53	987.0,4,31,54	790.0,4,33,55	690.0,4,34,56	734.0,4,33,56	758.0,4,33,55	1084.0,5,30,53	1247.0,5,28,52	1050.0,5,30,53	875.0,4,32,55	330.0,3,37,58	357.0,3,37,58	458.0,3,36,57	221.0,3,38,59
790.0,4,33,55	776.0,4,33,55	839.0,4,32,55	877.0,4,32,55	1229.0,5,28,52	1015.0,5,30,54	501.0,4,35,57	1099.0,5,30,53	1164.0,5,29,53	790.0,4,33,55	1132.0,5,29,53	1099.0,5,30,53	955.0,4,31,54	1027.0,5,30,54	1283.0,5,28,52	1202.0,5,28,52	1072.0,5,30,53	1074.0,5,30,53	1180.0,5,29,53	1122.0,5,29,53	1267.0,5,28,52	1193.0,5,29,53	1150.0,5,29,53	883.0,4,32,55	511.0,4,35,57	1147.0,5,29,53	814.0,4,32,55	628.0,4,34,56	574.0,4,35,57	457.0,3,36,57	539.0,4,35,57	766.0,4,33,55	1067.0,5,30,53	1368.0,5,27,51	1486.0,5,26,51	1403.0,5,26,51	1419.0,5,26,51	1489.0,5,26,51	1590.0,5,25,50	1643.0,5,24,50	1658.0,5,24,49	1726.0,5,23,49	1594.0,5,25,50	1569.0,5,25,50	1502.0,5,25,50	1115.0,5,29,53	922.0,4,31,54	845.0,4,32,55	843.0,4,32,55	783.0,4,33,55	665.0,4,34,56	651.0,4,34,56	885.0,4,32,55	997.0,4,31,54	1065.0,5,30,53	653.0,4,34,56	283.0,3,38,59	400.0,3,36,58	910.0,4,31,54	317.0,3,37,58
812.0,4,32,55	822.0,4,32,55	1242.0,5,28,52	1117.0,5,29,53	1250.0,5,28,52	1016.0,5,30,54	639.0,4,34,56	1186.0,5,29,53	755.0,4,33,55	991.0,4,31,54	1015.0,5,30,54	885.0,4,32,55	1269.0,5,28,52	1421.0,5,26,51	1296.0,5,28,52	1290.0,5,28,52	1136.0,5,29,53	1186.0,5,29,53	1321.0,5,27,52	1089.0,5,30,53	1207.0,5,28,52	1158.0,5,29,53	1181.0,5,29,53	1316.0,5,27,52	497.0,3,36,57	621.0,4,34,56	940.0,4,31,54	627.0,4,34,56	926.0,4,31,54	476.0,3,36,57	1131.0,5,29,53	959.0,4,31,54	1280.0,5,28,52	1551.0,5,25,50	1519.0,5,25,50	1542.0,5,25,50	1451.0,5,26,51	1582.0,5,25,50	1448.0,5,26,51	1493.0,5,26,51	1505.0,5,25,50	1555.0,5,25,50	1705.0,5,23,49	1795.0,5,23,49	1603.0,5,24,50	1537.0,5,25,50	1324.0,5,27,52	1110.0,5,29,53	950.0,4,31,54	885.0,4,32,55	799.0,4,33,55	691.0,4,34,56	666.0,4,34,56	757.0,4,33,55	573.0,4,35,57	309.0,3,37,58	767.0,4,33,55	854.0,4,32,55	742.0,4,33,56	676.0,4,34,56
938.0,4,31,54	926.0,4,31,54	1261.0,5,28,52	1251.0,5,28,52	923.0,4,31,54	666.0,4,34,56	718.0,4,33,56	908.0,4,31,54	745.0,4,33,56	1097.0,5,30,53	1199.0,5,29,53	1338.0,5,27,52	1272.0,5,28,52	1022.0,5,30,54	1306.0,5,27,52	1036.0,5,30,54	1152.0,5,29,53	1033.0,5,30,54	1321.0,5,27,52	1263.0,5,28,52	1376.0,5,27,51	1253.0,5,28,52	1215.0,5,28,52	1321.0,5,27,52	1097.0,5,30,53	369.0,3,37,58	652.0,4,34,56	740.0,4,33,56	653.0,4,34,56	718.0,4,33,56	1571.0,5,25,50	1360.0,5,27,51	1330.0,5,27,52	1391.0,5,27,51	1513.0,5,25,50	1561.0,5,25,50	1446.0,5,26,51	1219.0,5,28,52	1201.0,5,28,52	1252.0,5,28,52	1470.0,5,26,51	1664.0,5,24,49	1779.0,5,23,49	1768.0,5,23,49	1729.0,5,23,49	1616.0,5,24,50	1342.0,5,27,52	1391.0,5,27,51	1315.0,5,27,52	1096.0,5,30,53	1075.0,5,30,53	1061.0,5,30,53	517.0,4,35,57	374.0,3,37,58	589.0,4,35,57	947.0,4,31,54	958.0,4,31,54	1108.0,5,29,53	359.0,3,37,58	580.0,4,35,57
1252.0,5,28,52	1115.0,5,29,53	1283.0,5,28,52	1088.0,5,30,53	641.0,4,34,56	1138.0,5,29,53	1079.0,5,30,53	701.0,4,33,56	798.0,4,33,55	1069.0,5,30,53	1287.0,5,28,52	1231.0,5,28,52	1100.0,5,29,53	1348.0,5,27,52	1340.0,5,27,52	1246.0,5,28,52	1308.0,5,27,52	1353.0,5,27,51	1353.0,5,27,51	1349.0,5,27,52	1119.0,5,29,53	1378.0,5,27,51	1356.0,5,27,51	1401.0,5,26,51	1054.0,5,30,53	519.0,4,35,57	333.0,3,37,58	840.0,4,32,55	823.0,4,32,55	1410.0,5,26,51	1454.0,5,26,51	1456.0,5,26,51	1366.0,5,27,51	1345.0,5,27,52	1370.0,5,27,51	1451.0,5,26,51	1587.0,5,25,50	1428.0,5,26,51	1566.0,5,25,50	1441.0,5,26,51	1515.0,5,25,50	1669.0,5,24,49	1666.0,5,24,49	1743.0,5,23,49	1818.0,5,22,48	1861.0,5,22,48	1698.0,5,24,49	1479.0,5,26,51	1299.0,5,28,52	1363.0,5,27,51	1212.0,5,28,52	1104.0,5,29,53	1084.0,5,30,53	676.0,4,34,56	776.0,4,33,55	937.0,4,31,54	1238.0,5,28,52	1379.0,5,27,51	574.0,4,35,57	249.0,3,38,59
1215.0,5,28,52	1168.0,5,29,53	1188.0,5,29,53	773.0,4,33,55	1158.0,5,29,53	1042.0,5,30,54	1156.0,5,29,53	869.0,4,32,55	1205.0,5,28,52	1069.0,5,30,53	1193.0,5,29,53	648.0,4,34,56	957.0,4,31,54	1388.0,5,27,51	1487.0,5,26,51	1274.0,5,28,52	1317.0,5,27,52	1424.0,5,26,51	1368.0,5,27,51	1186.0,5,29,53	1334.0,5,27,52	1257.0,5,28,52	1354.0,5,27,51	1386.0,5,27,51	1250.0,5,28,52	686.0,4,34,56	341.0,3,37,58	668.0,4,34,56	1025.0,5,30,54	1362.0,5,27,51	1174.0,5,29,53	1198.0,5,29,53	1057.0,5,30,53	1077.0,5,30,53	1155.0,5,29,53	1176.0,5,29,53	1196.0,5,29,53	1319.0,5,27,52	1544.0,5,25,50	1382.0,5,27,51	1592.0,5,25,50	1537.0,5,25,50	1675.0,5,24,49	1704.0,5,23,49	1728.0,5,23,49	1686.0,5,24,49	1709.0,5,23,49	1833.0,5,22,48	1495.0,5,26,51	1487.0,5,26,51	1414.0,5,26,51	1417.0,5,26,51	1339.0,5,27,52	863.0,4,32,55	608.0,4,34,56	805.0,4,32,55	1052.0,5,30,53	1293.0,5,28,52	639.0,4,34,56	374.0,3,37,58
1124.0,5,29,53	999.0,4,31,54	1065.0,5,30,53	1289.0,5,28,52	1118.0,5,29,53	1262.0,5,28,52	1144.0,5,29,53	1049.0,5,30,54	1195.0,5,29,53	1229.0,5,28,52	1181.0,5,29,53	883.0,4,32,55	1281.0,5,28,52	1215.0,5,28,52	1375.0,5,27,51	1043.0,5,30,54	1028.0,5,30,54	1251.0,5,28,52	1316.0,5,27,52	1132.0,5,29,53	1321.0,5,27,52	1365.0,5,27,51	1445.0,5,26,51	1461.0,5,26,51	1360.0,5,27,51	536.0,4,35,57	394.0,3,37,58	651.0,4,34,56	855.0,4,32,55	867.0,4,32,55	782.0,4,33,55	906.0,4,31,54	1062.0,5,30,53	1035.0,5,30,54	1005.0,5,30,54	997.0,4,31,54	1069.0,5,30,53	1148.0,5,29,53	1256.0,5,28,52	1397.0,5,27,51	1386.0,5,27,51	1302.0,5,27,52	1410.0,5,26,51	1649.0,5,24,50	1455.0,5,26,51	1612.0,5,24,50	1625.0,5,24,50	1577.0,5,25,50	1664.0,5,24,49	1614.0,5,24,50	1609.0,5,24,50	1298.0,5,28,52	1519.0,5,25,50	1343.0,5,27,52	1134.0,5,29,53	812.0,4,32,55	948.0,4,31,54	1171.0,5,29,53	866.0,4,32,55	652.0,4,34,56
1343.0,5,27,52	1365.0,5,27,51	1191.0,5,29,53	1166.0,5,29,53	1339.0,5,27,52	1212.0,5,28,52	1152.0,5,29,53	1016.0,5,30,54	1138.0,5,29,53	1039.0,5,30,54	836.0,4,32,55	1026.0,5,30,54	1286.0,5,28,52	1236.0,5,28,52	1196.0,5,29,53	1035.0,5,30,54	1117.0,5,29,53	1214.0,5,28,52	1156.0,5,29,53	1164.0,5,29,53	1273.0,5,28,52	1308.0,5,27,52	1493.0,5,26,51	1346.0,5,27,52	954.0,4,31,54	539.0,4,35,57	477.0,3,36,57	521.0,4,35,57	729.0,4,33,56	840.0,4,32,55	669.0,4,34,56	757.0,4,33,55	933.0,4,31,54	1104.0,5,29,53	1240.0,5,28,52	1204.0,5,28,52	1255.0,5,28,52	1411.0,5,26,51	1540.0,5,25,50	1654.0,5,24,49	1502.0,5,25,50	1347.0,5,27,52	1183.0,5,29,53	1321.0,5,27,52	1361.0,5,27,51	1185.0,5,29,53	1491.0,5,26,51	1602.0,5,24,50	1677.0,5,24,49	1463.0,5,26,51	1607.0,5,24,50	1303.0,5,27,52	1296.0,5,28,52	1511.0,5,25,50	1232.0,5,28,52	680.0,4,34,56	789.0,4,33,55	1131.0,5,29,53	1025.0,5,30,54	787.0,4,33,55
1479.0,5,26,51	1336.0,5,27,52	934.0,4,31,54	1024.0,5,30,54	1161.0,5,29,53	901.0,4,31,54	839.0,4,32,55	821.0,4,32,55	1008.0,5,30,54	943.0,4,31,54	698.0,4,34,56	1239.0,5,28,52	1327.0,5,27,52	1300.0,5,27,52	1137.0,5,29,53	1120.0,5,29,53	1222.0,5,28,52	1285.0,5,28,52	1203.0,5,28,52	1251.0,5,28,52	1516.0,5,25,50	1383.0,5,27,51	1465.0,5,26,51	1439.0,5,26,51	696.0,4,34,56	624.0,4,34,56	396.0,3,37,58	477.0,3,36,57	1200.0,5,28,52	1057.0,5,30,53	989.0,4,31,54	744.0,4,33,56	881.0,4,32,55	1086.0,5,30,53	1473.0,5,26,51	1460.0,5,26,51	1692.0,5,24,49	1605.0,5,24,50	1658.0,5,24,49	1722.0,5,23,49	1855.0,5,22,48	1671.0,5,24,49	1407.0,5,26,51	1251.0,5,28,52	963.0,4,31,54	1070.0,5,30,53	1173.0,5,29,53	1359.0,5,27,51	1417.0,5,26,51	1498.0,5,26,51	1430.0,5,26,51	932.0,4,31,54	1034.0,5,30,54	1127.0,5,29,53	1167.0,5,29,53	1109.0,5,29,53	883.0,4,32,55	951.0,4,31,54	344.0,3,37,58	376.0,3,37,58
1452.0,5,26,51	1197.0,5,29,53	1235.0,5,28,52	1377.0,5,27,51	1382.0,5,27,51	691.0,4,34,56	801.0,4,32,55	766.0,4,33,55	983.0,4,31,54	986.0,4,31,54	944.0,4,31,54	1339.0,5,27,52	1279.0,5,28,52	1319.0,5,27,52	1089.0,5,30,53	922.0,4,31,54	1335.0,5,27,52	1215.0,5,28,52	1116.0,5,29,53	1343.0,5,27,52	1464.0,5,26,51	1502.0,5,25,50	1453.0,5,26,51	1355.0,5,27,51	1049.0,5,30,54	655.0,4,34,56	572.0,4,35,57	548.0,4,35,57	1185.0,5,29,53	1046.0,5,30,54	985.0,4,31,54	970.0,4,31,54	836.0,4,32,55	979.0,4,31,54	1346.0,5,27,52	1730.0,5,23,49	1551.0,5,25,50	1418.0,5,26,51	1451.0,5,26,51	1622.0,5,24,50	1794.0,5,23,49	1817.0,5,22,48	1750.0,5,23,49	1392.0,5,27,51	1076.0,5,30,53	1133.0,5,29,53	844.0,4,32,55	1228.0,5,28,52	1348.0,5,27,52	1121.0,5,29,53	1275.0,5,28,52	1288.0,5,28,52	793.0,4,33,55	1371.0,5,27,51	985.0,4,31,54	884.0,4,32,55	1292.0,5,28,52	975.0,4,31,54	885.0,4,32,55	345.0,3,37,58
1396.0,5,27,51	1055.0,5,30,53	1375.0,5,27,51	1271.0,5,28,52	1122.0,5,29,53	843.0,4,32,55	823.0,4,32,55	452.0,3,36,57	377.0,3,37,58	864.0,4,32,55	1013.0,5,30,54	1247.0,5,28,52	1356.0,5,27,51	1313.0,5,27,52	1207.0,5,28,52	843.0,4,32,55	1404.0,5,26,51	1280.0,5,28,52	1158.0,5,29,53	1322.0,5,27,52	1343.0,5,27,52	1493.0,5,26,51	1457.0,5,26,51	1374.0,5,27,51	889.0,4,32,55	595.0,4,35,57	501.0,4,35,57	795.0,4,33,55	863.0,4,32,55	1132.0,5,29,53	1162.0,5,29,53	999.0,4,31,54	1094.0,5,30,53	1243.0,5,28,52	1356.0,5,27,51	1496.0,5,26,51	1235.0,5,28,52	1142.0,5,29,53	1309.0,5,27,52	1478.0,5,26,51	1607.0,5,24,50	1669.0,5,24,49	1870.0,5,22,48	1684.0,5,24,49	1426.0,5,26,51	1197.0,5,29,53	925.0,4,31,54	694.0,4,34,56	921.0,4,31,54	942.0,4,31,54	1296.0,5,28,52	1289.0,5,28,52	759.0,4,33,55	1385.0,5,27,51	705.0,4,33,56	606.0,4,34,56	924.0,4,31,54	1048.0,5,30,54	464.0,3,36,57	398.0,3,37,58
1311.0,5,27,52	1375.0,5,27,51	1326.0,5,27,52	1350.0,5,27,51	1043.0,5,30,54	800.0,4,32,55	1036.0,5,30,54	683.0,4,34,56	788.0,4,33,55	851.0,4,32,55	1074.0,5,30,53	1435.0,5,26,51	1347.0,5,27,52	1202.0,5,28,52	1315.0,5,27,52	847.0,4,32,55	1361.0,5,27,51	1091.0,5,30,53	1211.0,5,28,52	1496.0,5,26,51	1379.0,5,27,51	1463.0,5,26,51	1374.0,5,27,51	916.0,4,31,54	684.0,4,34,56	695.0,4,34,56	281.0,3,38,59	745.0,4,33,56	939.0,4,31,54	1491.0,5,26,51	1517.0,5,25,50	1568.0,5,25,50	1360.0,5,27,51	1492.0,5,26,51	1807.0,5,22,48	1580.0,5,25,50	1322.0,5,27,52	1287.0,5,28,52	1622.0,5,24,50	1777.0,5,23,49	1789.0,5,23,49	1854.0,5,22,48	1830.0,5,22,48	1854.0,5,22,48	1797.0,5,23,49	1678.0,5,24,49	1346.0,5,27,52	887.0,4,32,55	885.0,4,32,55	573.0,4,35,57	699.0,4,34,56	802.0,4,32,55	821.0,4,32,55	1180.0,5,29,53	1105.0,5,29,53	377.0,3,37,58	674.0,4,34,56	1304.0,5,27,52	658.0,4,34,56	839.0,4,32,55
1388.0,5,27,51	1249.0,5,28,52	1340.0,5,27,52	1347.0,5,27,52	1021.0,5,30,54	909.0,4,31,54	1016.0,5,30,54	611.0,4,34,56	1064.0,5,30,53	928.0,4,31,54	1193.0,5,29,53	1382.0,5,27,51	1451.0,5,26,51	1332.0,5,27,52	1342.0,5,27,52	1035.0,5,30,54	1284.0,5,28,52	1348.0,5,27,52	1440.0,5,26,51	1484.0,5,26,51	1459.0,5,26,51	1306.0,5,27,52	1178.0,5,29,53	774.0,4,33,55	606.0,4,34,56	690.0,4,34,56	370.0,3,37,58	919.0,4,31,54	1104.0,5,29,53	1772.0,5,23,49	1845.0,5,22,48	1861.0,5,22,48	1810.0,5,22,48	1789.0,5,23,49	1629.0,5,24,50	1533.0,5,25,50	1132.0,5,29,53	1120.0,5,29,53	1560.0,5,25,50	1725.0,5,23,49	1709.0,5,23,49	1816.0,5,22,48	1869.0,5,22,48	1887.0,5,22,48	1841.0,5,22,48	1765.0,5,23,49	1683.0,5,24,49	1333.0,5,27,52	938.0,4,31,54	657.0,4,34,56	631.0,4,34,56	348.0,3,37,58	566.0,4,35,57	1141.0,5,29,53	1146.0,5,29,53	544.0,4,35,57	607.0,4,34,56	1092.0,5,30,53	993.0,4,31,54	918.0,4,31,54
-data:
