radius:15.0
size:60^60
path:vancouver_60x60.txt
+data:
0.0,3,40,60	0.0,3,40,60	0.0,3,40,60	0.0,3,40,60	0.0,3,40,60	0.0,3,40,60	24.0,3,40,60	302.0,3,37,58	577.0,4,35,57	967.0,4,31,54	1331.0,5,27,52	1394.0,5,27,51	1221.0,5,28,52	1473.0,5,26,51	1603.0,5,24,50	1156.0,5,29,53	947.0,4,31,54	1283.0,5,28,52	1105.0,5,29,53	620.0,4,34,56	335.0,3,37,58	509.0,4,35,57	575.0,4,35,57	696.0,4,34,56	751.0,4,33,55	927.0,4,31,54	1198.0,5,29,53	1304.0,5,27,52	992.0,4,31,54	843.0,4,32,55	832.0,4,32,55	1094.0,5,30,53	1227.0,5,28,52	1066.0,5,30,53	910.0,4,31,54	856.0,4,32,55	607.0,4,34,56	287.0,3,38,59	254.0,3,38,59	419.0,3,36,58	755.0,4,33,55	974.0,4,31,54	1271.0,5,28,52	1012.0,5,30,54	1254.0,5,28,52	802.0,4,32,55	525.0,4,35,57	175.0,3,39,59	11.0,3,40,60	474.0,3,36,57	743.0,4,33,56	1141.0,5,29,53	1154.0,5,29,53	1096.0,5,30,53	1366.0,5,27,51	1276.0,5,28,52	1092.0,5,30,53	966.0,4,31,54	995.0,4,31,54	678.0,4,34,56
0.0,3,40,60	0.0,3,40,60	0.0,3,40,60	0.0,3,40,60	0.0,3,40,60	0.0,3,40,60	0.0,3,40,60	437.0,3,36,58	820.0,4,32,55	1027.0,5,30,54	1254.0,5,28,52	1590.0,5,25,50	1341.0,5,27,52	1419.0,5,26,51	1382.0,5,27,51	1162.0,5,29,53	989.0,4,31,54	907.0,4,31,54	672.0,4,34,56	474.0,3,36,57	319.0,3,37,58	371.0,3,37,58	811.0,4,32,55	947.0,4,31,54	1119.0,5,29,53	1093.0,5,30,53	960.0,4,31,54	1315.0,5,27,52	958.0,4,31,54	889.0,4,32,55	728.0,4,33,56	762.0,4,33,55	1054.0,5,30,53	1163.0,5,29,53	1407.0,5,26,51	1096.0,5,30,53	808.0,4,32,55	596.0,4,35,57	545.0,4,35,57	219.0,3,38,59	265.0,3,38,59	504.0,4,35,57	823.0,4,32,55	972.0,4,31,54	1215.0,5,28,52	1079.0,5,30,53	906.0,4,31,54	603.0,4,34,56	28.0,3,40,60	80.0,3,40,60	407.0,3,36,58	888.0,4,32,55	1119.0,5,29,53	1200.0,5,28,52	987.0,4,31,54	987.0,4,31,54	749.0,4,33,56	968.0,4,31,54	1103.0,5,29,53	495.0,3,36,57
0.0,3,40,60	0.0,3,40,60	0.0,3,40,60	0.0,3,40,60	0.0,3,40,60	0.0,3,40,60	49.0,3,40,60	424.0,3,36,58	601.0,4,34,56	665.0,4,34,56	1007.0,5,30,54	1436.0,5,26,51	1724.0,5,23,49	1575.0,5,25,50	1177.0,5,29,53	1014.0,5,30,54	674.0,4,34,56	497.0,3,36,57	513.0,4,35,57	684.0,4,34,56	326.0,3,37,58	324.0,3,37,58	714.0,4,33,56	1003.0,5,30,54	1212.0,5,28,52	1356.0,5,27,51	1104.0,5,29,53	1231.0,5,28,52	1244.0,5,28,52	1140.0,5,29,53	743.0,4,33,56	662.0,4,34,56	770.0,4,33,55	939.0,4,31,54	1153.0,5,29,53	1487.0,5,26,51	1375.0,5,27,51	1061.0,5,30,53	669.0,4,34,56	499.0,3,36,57	220.0,3,38,59	325.0,3,37,58	421.0,3,36,58	874.0,4,32,55	1101.0,5,29,53	1121.0,5,29,53	644.0,4,34,56	384.0,3,37,58	126.0,3,39,60	16.0,3,40,60	286.0,3,38,59	789.0,4,33,55	972.0,4,31,54	1206.0,5,28,52	981.0,4,31,54	674.0,4,34,56	752.0,4,33,55	1068.0,5,30,53	988.0,4,31,54	638.0,4,34,56
0.0,3,40,60	0.0,3,40,60	0.0,3,40,60	0.0,3,40,60	0.0,3,40,60	0.0,3,40,60	0.0,3,40,60	176.0,3,39,59	495.0,3,36,57	743.0,4,33,56	984.0,4,31,54	1163.0,5,29,53	1229.0,5,28,52	1393.0,5,27,51	1344.0,5,27,52	860.0,4,32,55	684.0,4,34,56	728.0,4,33,56	971.0,4,31,54	671.0,4,34,56	457.0,3,36,57	315.0,3,37,58	539.0,4,35,57	901.0,4,31,54	1130.0,5,29,53	1220.0,5,28,52	1112.0,5,29,53	860.0,4,32,55	837.0,4,32,55	775.0,4,33,55	558.0,4,35,57	661.0,4,34,56	943.0,4,31,54	841.0,4,32,55	1044.0,5,30,54	1344.0,5,27,52	1128.0,5,29,53	922.0,4,31,54	1033.0,5,30,54	722.0,4,33,56	435.0,3,36,58	218.0,3,38,59	253.0,3,38,59	601.0,4,34,56	900.0,4,31,54	1185.0,5,29,53	828.0,4,32,55	620.0,4,34,56	260.0,3,38,59	10.0,3,40,60	374.0,3,37,58	894.0,4,32,55	952.0,4,31,54	1052.0,5,30,53	696.0,4,34,56	650.0,4,34,56	1002.0,5,30,54	1168.0,5,29,53	882.0,4,32,55	818.0,4,32,55
0.0,3,40,60	0.0,3,40,60	0.0,3,40,60	0.0,3,40,60	0.0,3,40,60	0.0,3,40,60	0.0,3,40,60	85.0,3,40,60	358.0,3,37,58	630.0,4,34,56	911.0,4,31,54	1257.0,5,28,52	1353.0,5,27,51	1227.0,5,28,52	1363.0,5,27,51	1175.0,5,29,53	920.0,4,31,54	859.0,4,32,55	1254.0,5,28,52	1016.0,5,30,54	571.0,4,35,57	297.0,3,38,59	387.0,3,37,58	649.0,4,34,56	836.0,4,32,55	761.0,4,33,55	603.0,4,34,56	504.0,4,35,57	456.0,3,36,57	454.0,3,36,57	658.0,4,34,56	1007.0,5,30,54	1258.0,5,28,52	972.0,4,31,54	1208.0,5,28,52	1495.0,5,26,51	1216.0,5,28,52	948.0,4,31,54	997.0,4,31,54	913.0,4,31,54	579.0,4,35,57	364.0,3,37,58	221.0,3,38,59	403.0,3,36,58	866.0,4,32,55	1091.0,5,30,53	1162.0,5,29,53	515.0,4,35,57	221.0,3,38,59	22.0,3,40,60	256.0,3,38,59	532.0,4,35,57	942.0,4,31,54	985.0,4,31,54	574.0,4,35,57	626.0,4,34,56	1075.0,5,30,53	1060.0,5,30,53	965.0,4,31,54	635.0,4,34,56
0.0,3,40,60	0.0,3,40,60	0.0,3,40,60	0.0,3,40,60	0.0,3,40,60	0.0,3,40,60	0.0,3,40,60	27.0,3,40,60	275.0,3,38,59	682.0,4,34,56	956.0,4,31,54	1272.0,5,28,52	1011.0,5,30,54	933.0,4,31,54	1214.0,5,28,52	1095.0,5,30,53	1067.0,5,30,53	1153.0,5,29,53	1109.0,5,29,53	801.0,4,32,55	513.0,4,35,57	357.0,3,37,58	305.0,3,37,58	440.0,3,36,58	413.0,3,36,58	383.0,3,37,58	389.0,3,37,58	429.0,3,36,58	501.0,4,35,57	626.0,4,34,56	558.0,4,35,57	910.0,4,31,54	1175.0,5,29,53	1345.0,5,27,52	1572.0,5,25,50	1459.0,5,26,51	1188.0,5,29,53	870.0,4,32,55	814.0,4,32,55	751.0,4,33,55	513.0,4,35,57	257.0,3,38,59	241.0,3,38,59	403.0,3,36,58	635.0,4,34,56	1159.0,5,29,53	1027.0,5,30,54	760.0,4,33,55	151.0,3,39,59	0.0,3,40,60	113.0,3,39,60	539.0,4,35,57	711.0,4,33,56	864.0,4,32,55	468.0,3,36,57	548.0,4,35,57	847.0,4,32,55	1041.0,5,30,54	1188.0,5,29,53	867.0,4,32,55
0.0,3,40,60	0.0,3,40,60	0.0,3,40,60	0.0,3,40,60	0.0,3,40,60	0.0,3,40,60	0.0,3,40,60	16.0,3,40,60	168.0,3,39,59	456.0,3,36,57	676.0,4,34,56	784.0,4,33,55	1095.0,5,30,53	1280.0,5,28,52	1399.0,5,27,51	1311.0,5,27,52	1388.0,5,27,51	1129.0,5,29,53	799.0,4,33,55	605.0,4,34,56	627.0,4,34,56	401.0,3,36,58	302.0,3,37,58	339.0,3,37,58	356.0,3,37,58	495.0,3,36,57	667.0,4,34,56	727.0,4,33,56	829.0,4,32,55	707.0,4,33,56	565.0,4,35,57	697.0,4,34,56	1040.0,5,30,54	1273.0,5,28,52	1059.0,5,30,53	973.0,4,31,54	906.0,4,31,54	623.0,4,34,56	609.0,4,34,56	480.0,3,36,57	298.0,3,38,59	215.0,3,38,59	367.0,3,37,58	706.0,4,33,56	645.0,4,34,56	1013.0,5,30,54	1141.0,5,29,53	629.0,4,34,56	266.0,3,38,59	0.0,3,40,60	0.0,3,40,60	140.0,3,39,60	403.0,3,36,58	382.0,3,37,58	375.0,3,37,58	623.0,4,34,56	979.0,4,31,54	1065.0,5,30,53	1234.0,5,28,52	1029.0,5,30,54
0.0,3,40,60	0.0,3,40,60	0.0,3,40,60	0.0,3,40,60	0.0,3,40,60	0.0,3,40,60	0.0,3,40,60	17.0,3,40,60	234.0,3,38,59	522.0,4,35,57	733.0,4,33,56	869.0,4,32,55	1147.0,5,29,53	1463.0,5,26,51	1232.0,5,28,52	1056.0,5,30,53	1246.0,5,28,52	826.0,4,32,55	666.0,4,34,56	936.0,4,31,54	726.0,4,33,56	441.0,3,36,58	342.0,3,37,58	311.0,3,37,58	385.0,3,37,58	748.0,4,33,56	981.0,4,31,54	1010.0,5,30,54	895.0,4,32,55	832.0,4,32,55	880.0,4,32,55	919.0,4,31,54	891.0,4,32,55	1147.0,5,29,53	964.0,4,31,54	839.0,4,32,55	916.0,4,31,54	936.0,4,31,54	788.0,4,33,55	431.0,3,36,58	215.0,3,38,59	246.0,3,38,59	583.0,4,35,57	757.0,4,33,55	1034.0,5,30,54	830.0,4,32,55	1003.0,5,30,54	837.0,4,32,55	606.0,4,34,56	206.0,3,38,59	0.0,3,40,60	0.0,3,40,60	140.0,3,39,60	301.0,3,37,58	584.0,4,35,57	665.0,4,34,56	850.0,4,32,55	1249.0,5,28,52	1267.0,5,28,52	994.0,4,31,54
0.0,3,40,60	0.0,3,40,60	0.0,3,40,60	0.0,3,40,60	0.0,3,40,60	0.0,3,40,60	0.0,3,40,60	0.0,3,40,60	301.0,3,37,58	602.0,4,34,56	1085.0,5,30,53	1213.0,5,28,52	1504.0,5,25,50	1272.0,5,28,52	925.0,4,31,54	900.0,4,31,54	1115.0,5,29,53	1153.0,5,29,53	1119.0,5,29,53	1014.0,5,30,54	760.0,4,33,55	658.0,4,34,56	419.0,3,36,58	281.0,3,38,59	354.0,3,37,58	773.0,4,33,55	854.0,4,32,55	987.0,4,31,54	1335.0,5,27,52	879.0,4,32,55	972.0,4,31,54	1213.0,5,28,52	1028.0,5,30,54	1315.0,5,27,52	1427.0,5,26,51	1193.0,5,29,53	1062.0,5,30,53	877.0,4,32,55	577.0,4,35,57	210.0,3,38,59	278.0,3,38,59	534.0,4,35,57	568.0,4,35,57	983.0,4,31,54	1312.0,5,27,52	998.0,4,31,54	899.0,4,32,55	877.0,4,32,55	573.0,4,35,57	194.0,3,39,59	0.0,3,40,60	0.0,3,40,60	16.0,3,40,60	341.0,3,37,58	594.0,4,35,57	976.0,4,31,54	1062.0,5,30,53	878.0,4,32,55	1177.0,5,29,53	887.0,4,32,55
0.0,3,40,60	0.0,3,40,60	0.0,3,40,60	0.0,3,40,60	0.0,3,40,60	0.0,3,40,60	0.0,3,40,60	0.0,3,40,60	404.0,3,36,58	720.0,4,33,56	944.0,4,31,54	1321.0,5,27,52	1260.0,5,28,52	1013.0,5,30,54	836.0,4,32,55	630.0,4,34,56	720.0,4,33,56	743.0,4,33,56	881.0,4,32,55	1082.0,5,30,53	674.0,4,34,56	419.0,3,36,58	372.0,3,37,58	284.0,3,38,59	415.0,3,36,58	475.0,3,36,57	739.0,4,33,56	1002.0,5,30,54	1284.0,5,28,52	1010.0,5,30,54	948.0,4,31,54	1059.0,5,30,53	1144.0,5,29,53	1199.0,5,29,53	1426.0,5,26,51	1145.0,5,29,53	794.0,4,33,55	501.0,4,35,57	339.0,3,37,58	206.0,3,38,59	260.0,3,38,59	672.0,4,34,56	1085.0,5,30,53	890.0,4,32,55	1318.0,5,27,52	1129.0,5,29,53	1060.0,5,30,53	850.0,4,32,55	766.0,4,33,55	361.0,3,37,58	19.0,3,40,60	123.0,3,39,60	0.0,3,40,60	238.0,3,38,59	705.0,4,33,56	965.0,4,31,54	1070.0,5,30,53	1262.0,5,28,52	1070.0,5,30,53	1180.0,5,29,53
0.0,3,40,60	0.0,3,40,60	0.0,3,40,60	0.0,3,40,60	0.0,3,40,60	0.0,3,40,60	0.0,3,40,60	0.0,3,40,60	138.0,3,39,60	388.0,3,37,58	848.0,4,32,55	1250.0,5,28,52	1068.0,5,30,53	887.0,4,32,55	633.0,4,34,56	517.0,4,35,57	495.0,3,36,57	630.0,4,34,56	960.0,4,31,54	894.0,4,32,55	602.0,4,34,56	313.0,3,37,58	261.0,3,38,59	402.0,3,36,58	668.0,4,34,56	734.0,4,33,56	664.0,4,34,56	921.0,4,31,54	1188.0,5,29,53	829.0,4,32,55	684.0,4,34,56	705.0,4,33,56	774.0,4,33,55	1149.0,5,29,53	1353.0,5,27,51	1304.0,5,27,52	1020.0,5,30,54	885.0,4,32,55	333.0,3,37,58	197.0,3,39,59	339.0,3,37,58	833.0,4,32,55	1016.0,5,30,54	1090.0,5,30,53	1397.0,5,27,51	1048.0,5,30,54	755.0,4,33,55	602.0,4,34,56	444.0,3,36,58	215.0,3,38,59	28.0,3,40,60	45.0,3,40,60	0.0,3,40,60	116.0,3,39,60	608.0,4,34,56	949.0,4,31,54	1069.0,5,30,53	890.0,4,32,55	1014.0,5,30,54	819.0,4,32,55
0.0,3,40,60	0.0,3,40,60	0.0,3,40,60	66.0,3,40,60	139.0,3,39,60	0.0,3,40,60	0.0,3,40,60	0.0,3,40,60	76.0,3,40,60	533.0,4,35,57	1007.0,5,30,54	1294.0,5,28,52	1035.0,5,30,54	730.0,4,33,56	764.0,4,33,55	779.0,4,33,55	453.0,3,36,57	503.0,4,35,57	779.0,4,33,55	1043.0,5,30,54	537.0,4,35,57	255.0,3,38,59	308.0,3,37,58	573.0,4,35,57	976.0,4,31,54	958.0,4,31,54	854.0,4,32,55	1157.0,5,29,53	956.0,4,31,54	983.0,4,31,54	569.0,4,35,57	745.0,4,33,56	1020.0,5,30,54	1147.0,5,29,53	1036.0,5,30,54	1080.0,5,30,53	898.0,4,32,55	592.0,4,35,57	231.0,3,38,59	202.0,3,38,59	465.0,3,36,57	989.0,4,31,54	1159.0,5,29,53	1038.0,5,30,54	1334.0,5,27,52	1339.0,5,27,52	887.0,4,32,55	935.0,4,31,54	485.0,3,36,57	325.0,3,37,58	97.0,3,40,60	0.0,3,40,60	0.0,3,40,60	185.0,3,39,59	836.0,4,32,55	1139.0,5,29,53	946.0,4,31,54	736.0,4,33,56	922.0,4,31,54	1129.0,5,29,53
0.0,3,40,60	0.0,3,40,60	0.0,3,40,60	0.0,3,40,60	0.0,3,40,60	0.0,3,40,60	0.0,3,40,60	0.0,3,40,60	159.0,3,39,59	553.0,4,35,57	869.0,4,32,55	1189.0,5,29,53	848.0,4,32,55	1143.0,5,29,53	915.0,4,31,54	884.0,4,32,55	513.0,4,35,57	345.0,3,37,58	578.0,4,35,57	508.0,4,35,57	346.0,3,37,58	256.0,3,38,59	396.0,3,37,58	740.0,4,33,56	1165.0,5,29,53	1131.0,5,29,53	889.0,4,32,55	747.0,4,33,56	586.0,4,35,57	493.0,3,36,57	396.0,3,37,58	578.0,4,35,57	597.0,4,35,57	762.0,4,33,55	960.0,4,31,54	824.0,4,32,55	479.0,3,36,57	245.0,3,38,59	201.0,3,38,59	364.0,3,37,58	766.0,4,33,55	1160.0,5,29,53	838.0,4,32,55	762.0,4,33,55	814.0,4,32,55	1038.0,5,30,54	1172.0,5,29,53	799.0,4,33,55	577.0,4,35,57	225.0,3,38,59	0.0,3,40,60	0.0,3,40,60	0.0,3,40,60	331.0,3,37,58	648.0,4,34,56	1068.0,5,30,53	972.0,4,31,54	766.0,4,33,55	657.0,4,34,56	775.0,4,33,55
0.0,3,40,60	0.0,3,40,60	0.0,3,40,60	0.0,3,40,60	0.0,3,40,60	0.0,3,40,60	0.0,3,40,60	50.0,3,40,60	345.0,3,37,58	660.0,4,34,56	867.0,4,32,55	1028.0,5,30,54	1311.0,5,27,52	1288.0,5,28,52	882.0,4,32,55	613.0,4,34,56	478.0,3,36,57	375.0,3,37,58	260.0,3,38,59	265.0,3,38,59	225.0,3,38,59	395.0,3,37,58	564.0,4,35,57	805.0,4,32,55	1272.0,5,28,52	1291.0,5,28,52	827.0,4,32,55	616.0,4,34,56	903.0,4,31,54	1003.0,5,30,54	718.0,4,33,56	365.0,3,37,58	476.0,3,36,57	823.0,4,32,55	971.0,4,31,54	705.0,4,33,56	354.0,3,37,58	219.0,3,38,59	197.0,3,39,59	359.0,3,37,58	730.0,4,33,56	1063.0,5,30,53	1045.0,5,30,54	924.0,4,31,54	759.0,4,33,55	781.0,4,33,55	995.0,4,31,54	824.0,4,32,55	353.0,3,37,58	47.0,3,40,60	0.0,3,40,60	0.0,3,40,60	0.0,3,40,60	222.0,3,38,59	577.0,4,35,57	936.0,4,31,54	1112.0,5,29,53	905.0,4,31,54	762.0,4,33,55	455.0,3,36,57
0.0,3,40,60	0.0,3,40,60	0.0,3,40,60	0.0,3,40,60	0.0,3,40,60	0.0,3,40,60	0.0,3,40,60	114.0,3,39,60	459.0,3,36,57	740.0,4,33,56	898.0,4,32,55	1069.0,5,30,53	1208.0,5,28,52	1222.0,5,28,52	1067.0,5,30,53	991.0,4,31,54	698.0,4,34,56	403.0,3,36,58	215.0,3,38,59	235.0,3,38,59	397.0,3,37,58	465.0,3,36,57	750.0,4,33,55	1183.0,5,29,53	1272.0,5,28,52	1188.0,5,29,53	1109.0,5,29,53	1293.0,5,28,52	1130.0,5,29,53	871.0,4,32,55	594.0,4,35,57	340.0,3,37,58	448.0,3,36,58	715.0,4,33,56	912.0,4,31,54	514.0,4,35,57	259.0,3,38,59	199.0,3,39,59	246.0,3,38,59	405.0,3,36,58	570.0,4,35,57	969.0,4,31,54	1111.0,5,29,53	1320.0,5,27,52	1163.0,5,29,53	663.0,4,34,56	586.0,4,35,57	484.0,3,36,57	304.0,3,37,58	96.0,3,40,60	0.0,3,40,60	0.0,3,40,60	99.0,3,40,60	258.0,3,38,59	579.0,4,35,57	741.0,4,33,56	1086.0,5,30,53	1064.0,5,30,53	765.0,4,33,55	496.0,3,36,57
0.0,3,40,60	0.0,3,40,60	0.0,3,40,60	0.0,3,40,60	0.0,3,40,60	0.0,3,40,60	71.0,3,40,60	274.0,3,38,59	667.0,4,34,56	1048.0,5,30,54	993.0,4,31,54	945.0,4,31,54	1020.0,5,30,54	1069.0,5,30,53	1255.0,5,28,52	956.0,4,31,54	542.0,4,35,57	323.0,3,37,58	162.0,3,39,59	272.0,3,38,59	320.0,3,37,58	627.0,4,34,56	978.0,4,31,54	1005.0,5,30,54	882.0,4,32,55	1212.0,5,28,52	1168.0,5,29,53	1040.0,5,30,54	947.0,4,31,54	941.0,4,31,54	513.0,4,35,57	313.0,3,37,58	431.0,3,36,58	838.0,4,32,55	767.0,4,33,55	493.0,3,36,57	248.0,3,38,59	166.0,3,39,59	274.0,3,38,59	569.0,4,35,57	951.0,4,31,54	1030.0,5,30,54	1216.0,5,28,52	1067.0,5,30,53	973.0,4,31,54	891.0,4,32,55	879.0,4,32,55	694.0,4,34,56	299.0,3,38,59	0.0,3,40,60	0.0,3,40,60	116.0,3,39,60	398.0,3,37,58	506.0,4,35,57	630.0,4,34,56	1059.0,5,30,53	1111.0,5,29,53	856.0,4,32,55	465.0,3,36,57	209.0,3,38,59
0.0,3,40,60	0.0,3,40,60	0.0,3,40,60	0.0,3,40,60	0.0,3,40,60	44.0,3,40,60	386.0,3,37,58	749.0,4,33,56	1081.0,5,30,53	1176.0,5,29,53	1163.0,5,29,53	1101.0,5,29,53	860.0,4,32,55	911.0,4,31,54	1040.0,5,30,54	979.0,4,31,54	666.0,4,34,56	564.0,4,35,57	203.0,3,38,59	149.0,3,39,60	228.0,3,38,59	231.0,3,38,59	413.0,3,36,58	562.0,4,35,57	728.0,4,33,56	1092.0,5,30,53	1240.0,5,28,52	1022.0,5,30,54	949.0,4,31,54	751.0,4,33,55	493.0,3,36,57	301.0,3,37,58	461.0,3,36,57	868.0,4,32,55	646.0,4,34,56	324.0,3,37,58	180.0,3,39,59	171.0,3,39,59	206.0,3,38,59	518.0,4,35,57	750.0,4,33,55	1077.0,5,30,53	1378.0,5,27,51	1044.0,5,30,54	1020.0,5,30,54	653.0,4,34,56	585.0,4,35,57	393.0,3,37,58	335.0,3,37,58	129.0,3,39,60	0.0,3,40,60	137.0,3,39,60	118.0,3,39,60	451.0,3,36,57	811.0,4,32,55	1005.0,5,30,54	970.0,4,31,54	565.0,4,35,57	368.0,3,37,58	147.0,3,39,60
0.0,3,40,60	0.0,3,40,60	0.0,3,40,60	0.0,3,40,60	0.0,3,40,60	263.0,3,38,59	533.0,4,35,57	694.0,4,34,56	1099.0,5,30,53	1132.0,5,29,53	1080.0,5,30,53	988.0,4,31,54	771.0,4,33,55	885.0,4,32,55	1034.0,5,30,54	983.0,4,31,54	951.0,4,31,54	626.0,4,34,56	380.0,3,37,58	212.0,3,38,59	151.0,3,39,59	209.0,3,38,59	255.0,3,38,59	491.0,3,36,57	878.0,4,32,55	853.0,4,32,55	1052.0,5,30,53	1012.0,5,30,54	932.0,4,31,54	1084.0,5,30,53	496.0,3,36,57	279.0,3,38,59	462.0,3,36,57	962.0,4,31,54	763.0,4,33,55	283.0,3,38,59	155.0,3,39,59	173.0,3,39,59	297.0,3,38,59	502.0,4,35,57	758.0,4,33,55	1028.0,5,30,54	1230.0,5,28,52	1199.0,5,29,53	1053.0,5,30,53	896.0,4,32,55	768.0,4,33,55	333.0,3,37,58	423.0,3,36,58	149.0,3,39,60	0.0,3,40,60	0.0,3,40,60	106.0,3,39,60	523.0,4,35,57	900.0,4,31,54	1153.0,5,29,53	860.0,4,32,55	808.0,4,32,55	270.0,3,38,59	147.0,3,39,60
0.0,3,40,60	0.0,3,40,60	31.0,3,40,60	0.0,3,40,60	216.0,3,38,59	320.0,3,37,58	503.0,4,35,57	637.0,4,34,56	853.0,4,32,55	896.0,4,32,55	842.0,4,32,55	769.0,4,33,55	786.0,4,33,55	935.0,4,31,54	960.0,4,31,54	884.0,4,32,55	856.0,4,32,55	799.0,4,33,55	519.0,4,35,57	425.0,3,36,58	285.0,3,38,59	151.0,3,39,59	182.0,3,39,59	296.0,3,38,59	460.0,3,36,57	844.0,4,32,55	1069.0,5,30,53	963.0,4,31,54	868.0,4,32,55	965.0,4,31,54	495.0,3,36,57	269.0,3,38,59	509.0,4,35,57	763.0,4,33,55	430.0,3,36,58	188.0,3,39,59	178.0,3,39,59	209.0,3,38,59	474.0,3,36,57	836.0,4,32,55	1087.0,5,30,53	1091.0,5,30,53	1184.0,5,29,53	1190.0,5,29,53	1033.0,5,30,54	927.0,4,31,54	722.0,4,33,56	328.0,3,37,58	164.0,3,39,59	0.0,3,40,60	0.0,3,40,60	0.0,3,40,60	231.0,3,38,59	674.0,4,34,56	986.0,4,31,54	1178.0,5,29,53	1184.0,5,29,53	650.0,4,34,56	323.0,3,37,58	147.0,3,39,60
0.0,3,40,60	17.0,3,40,60	82.0,3,40,60	19.0,3,40,60	213.0,3,38,59	298.0,3,38,59	357.0,3,37,58	496.0,3,36,57	578.0,4,35,57	776.0,4,33,55	757.0,4,33,55	648.0,4,34,56	779.0,4,33,55	893.0,4,32,55	933.0,4,31,54	853.0,4,32,55	794.0,4,33,55	738.0,4,33,56	679.0,4,34,56	593.0,4,35,57	377.0,3,37,58	259.0,3,38,59	151.0,3,39,59	283.0,3,38,59	357.0,3,37,58	668.0,4,34,56	918.0,4,31,54	806.0,4,32,55	814.0,4,32,55	933.0,4,31,54	524.0,4,35,57	266.0,3,38,59	422.0,3,36,58	596.0,4,35,57	261.0,3,38,59	151.0,3,39,59	182.0,3,39,59	330.0,3,37,58	580.0,4,35,57	996.0,4,31,54	1015.0,5,30,54	1088.0,5,30,53	1109.0,5,29,53	1020.0,5,30,54	960.0,4,31,54	619.0,4,34,56	497.0,3,36,57	214.0,3,38,59	48.0,3,40,60	0.0,3,40,60	0.0,3,40,60	114.0,3,39,60	182.0,3,39,59	671.0,4,34,56	804.0,4,32,55	931.0,4,31,54	1158.0,5,29,53	783.0,4,33,55	448.0,3,36,58	182.0,3,39,59
0.0,3,40,60	0.0,3,40,60	64.0,3,40,60	149.0,3,39,60	245.0,3,38,59	201.0,3,38,59	261.0,3,38,59	384.0,3,37,58	460.0,3,36,57	476.0,3,36,57	673.0,4,34,56	755.0,4,33,55	761.0,4,33,55	755.0,4,33,55	794.0,4,33,55	741.0,4,33,56	671.0,4,34,56	632.0,4,34,56	594.0,4,35,57	502.0,4,35,57	354.0,3,37,58	244.0,3,38,59	151.0,3,39,59	201.0,3,38,59	217.0,3,38,59	347.0,3,37,58	660.0,4,34,56	579.0,4,35,57	790.0,4,33,55	761.0,4,33,55	544.0,4,35,57	359.0,3,37,58	273.0,3,38,59	367.0,3,37,58	224.0,3,38,59	162.0,3,39,59	247.0,3,38,59	611.0,4,34,56	653.0,4,34,56	715.0,4,33,56	845.0,4,32,55	977.0,4,31,54	977.0,4,31,54	898.0,4,32,55	854.0,4,32,55	677.0,4,34,56	414.0,3,36,58	109.0,3,39,60	110.0,3,39,60	0.0,3,40,60	66.0,3,40,60	343.0,3,37,58	130.0,3,39,60	275.0,3,38,59	782.0,4,33,55	1113.0,5,29,53	1160.0,5,29,53	884.0,4,32,55	488.0,3,36,57	240.0,3,38,59
0.0,3,40,60	0.0,3,40,60	0.0,3,40,60	28.0,3,40,60	31.0,3,40,60	99.0,3,40,60	214.0,3,38,59	259.0,3,38,59	311.0,3,37,58	445.0,3,36,58	533.0,4,35,57	572.0,4,35,57	526.0,4,35,57	529.0,4,35,57	548.0,4,35,57	535.0,4,35,57	515.0,4,35,57	467.0,3,36,57	418.0,3,36,58	345.0,3,37,58	259.0,3,38,59	200.0,3,38,59	154.0,3,39,59	156.0,3,39,59	174.0,3,39,59	244.0,3,38,59	359.0,3,37,58	539.0,4,35,57	651.0,4,34,56	626.0,4,34,56	506.0,4,35,57	358.0,3,37,58	247.0,3,38,59	263.0,3,38,59	232.0,3,38,59	125.0,3,39,60	297.0,3,38,59	498.0,3,36,57	561.0,4,35,57	668.0,4,34,56	824.0,4,32,55	950.0,4,31,54	866.0,4,32,55	766.0,4,33,55	631.0,4,34,56	390.0,3,37,58	175.0,3,39,59	0.0,3,40,60	0.0,3,40,60	0.0,3,40,60	421.0,3,36,58	245.0,3,38,59	132.0,3,39,60	201.0,3,38,59	606.0,4,34,56	1061.0,5,30,53	1122.0,5,29,53	660.0,4,34,56	427.0,3,36,58	247.0,3,38,59
0.0,3,40,60	0.0,3,40,60	0.0,3,40,60	0.0,3,40,60	63.0,3,40,60	132.0,3,39,60	168.0,3,39,59	183.0,3,39,59	238.0,3,38,59	227.0,3,38,59	332.0,3,37,58	311.0,3,37,58	278.0,3,38,59	276.0,3,38,59	361.0,3,37,58	365.0,3,37,58	331.0,3,37,58	313.0,3,37,58	268.0,3,38,59	265.0,3,38,59	204.0,3,38,59	182.0,3,39,59	116.0,3,39,60	146.0,3,39,60	148.0,3,39,60	198.0,3,39,59	245.0,3,38,59	345.0,3,37,58	465.0,3,36,57	443.0,3,36,58	416.0,3,36,58	242.0,3,38,59	219.0,3,38,59	162.0,3,39,59	232.0,3,38,59	127.0,3,39,60	276.0,3,38,59	418.0,3,36,58	534.0,4,35,57	650.0,4,34,56	781.0,4,33,55	736.0,4,33,56	644.0,4,34,56	573.0,4,35,57	429.0,3,36,58	236.0,3,38,59	40.0,3,40,60	0.0,3,40,60	0.0,3,40,60	144.0,3,39,60	451.0,3,36,57	209.0,3,38,59	132.0,3,39,60	219.0,3,38,59	582.0,4,35,57	1008.0,5,30,54	993.0,4,31,54	820.0,4,32,55	575.0,4,35,57	341.0,3,37,58
0.0,3,40,60	0.0,3,40,60	0.0,3,40,60	0.0,3,40,60	63.0,3,40,60	135.0,3,39,60	86.0,3,40,60	75.0,3,40,60	88.0,3,40,60	100.0,3,39,60	109.0,3,39,60	91.0,3,40,60	100.0,3,39,60	117.0,3,39,60	179.0,3,39,59	196.0,3,39,59	180.0,3,39,59	184.0,3,39,59	185.0,3,39,59	155.0,3,39,59	152.0,3,39,59	134.0,3,39,60	70.0,3,40,60	109.0,3,39,60	140.0,3,39,60	145.0,3,39,60	178.0,3,39,59	244.0,3,38,59	275.0,3,38,59	257.0,3,38,59	204.0,3,38,59	164.0,3,39,59	168.0,3,39,59	140.0,3,39,60	220.0,3,38,59	99.0,3,40,60	239.0,3,38,59	365.0,3,37,58	475.0,3,36,57	592.0,4,35,57	588.0,4,35,57	505.0,4,35,57	407.0,3,36,58	321.0,3,37,58	204.0,3,38,59	76.0,3,40,60	0.0,3,40,60	0.0,3,40,60	0.0,3,40,60	297.0,3,38,59	536.0,4,35,57	265.0,3,38,59	131.0,3,39,60	229.0,3,38,59	543.0,4,35,57	986.0,4,31,54	928.0,4,31,54	927.0,4,31,54	703.0,4,33,56	536.0,4,35,57
0.0,3,40,60	0.0,3,40,60	0.0,3,40,60	0.0,3,40,60	88.0,3,40,60	86.0,3,40,60	0.0,3,40,60	0.0,3,40,60	0.0,3,40,60	0.0,3,40,60	0.0,3,40,60	0.0,3,40,60	0.0,3,40,60	21.0,3,40,60	31.0,3,40,60	49.0,3,40,60	73.0,3,40,60	71.0,3,40,60	77.0,3,40,60	87.0,3,40,60	73.0,3,40,60	79.0,3,40,60	62.0,3,40,60	90.0,3,40,60	89.0,3,40,60	93.0,3,40,60	129.0,3,39,60	163.0,3,39,59	207.0,3,38,59	184.0,3,39,59	155.0,3,39,59	136.0,3,39,60	133.0,3,39,60	155.0,3,39,59	156.0,3,39,59	124.0,3,39,60	222.0,3,38,59	297.0,3,38,59	406.0,3,36,58	392.0,3,37,58	315.0,3,37,58	250.0,3,38,59	192.0,3,39,59	179.0,3,39,59	0.0,3,40,60	0.0,3,40,60	0.0,3,40,60	0.0,3,40,60	0.0,3,40,60	87.0,3,40,60	309.0,3,37,58	211.0,3,38,59	157.0,3,39,59	216.0,3,38,59	429.0,3,36,58	723.0,4,33,56	860.0,4,32,55	800.0,4,32,55	809.0,4,32,55	529.0,4,35,57
0.0,3,40,60	0.0,3,40,60	0.0,3,40,60	0.0,3,40,60	0.0,3,40,60	0.0,3,40,60	0.0,3,40,60	0.0,3,40,60	0.0,3,40,60	0.0,3,40,60	0.0,3,40,60	0.0,3,40,60	0.0,3,40,60	0.0,3,40,60	0.0,3,40,60	26.0,3,40,60	30.0,3,40,60	20.0,3,40,60	43.0,3,40,60	52.0,3,40,60	37.0,3,40,60	36.0,3,40,60	48.0,3,40,60	53.0,3,40,60	42.0,3,40,60	73.0,3,40,60	89.0,3,40,60	120.0,3,39,60	134.0,3,39,60	164.0,3,39,59	143.0,3,39,60	136.0,3,39,60	119.0,3,39,60	135.0,3,39,60	138.0,3,39,60	140.0,3,39,60	223.0,3,38,59	288.0,3,38,59	288.0,3,38,59	249.0,3,38,59	195.0,3,39,59	89.0,3,40,60	0.0,3,40,60	0.0,3,40,60	0.0,3,40,60	0.0,3,40,60	0.0,3,40,60	0.0,3,40,60	142.0,3,39,60	66.0,3,40,60	254.0,3,38,59	336.0,3,37,58	129.0,3,39,60	248.0,3,38,59	483.0,3,36,57	717.0,4,33,56	820.0,4,32,55	745.0,4,33,56	805.0,4,32,55	482.0,3,36,57
0.0,3,40,60	0.0,3,40,60	0.0,3,40,60	0.0,3,40,60	0.0,3,40,60	0.0,3,40,60	0.0,3,40,60	0.0,3,40,60	0.0,3,40,60	0.0,3,40,60	0.0,3,40,60	0.0,3,40,60	0.0,3,40,60	0.0,3,40,60	0.0,3,40,60	0.0,3,40,60	0.0,3,40,60	0.0,3,40,60	8.0,3,40,60	6.0,3,40,60	11.0,3,40,60	17.0,3,40,60	11.0,3,40,60	7.0,3,40,60	17.0,3,40,60	51.0,3,40,60	73.0,3,40,60	100.0,3,39,60	119.0,3,39,60	134.0,3,39,60	134.0,3,39,60	108.0,3,39,60	33.0,3,40,60	110.0,3,39,60	54.0,3,40,60	133.0,3,39,60	134.0,3,39,60	151.0,3,39,59	179.0,3,39,59	148.0,3,39,60	134.0,3,39,60	34.0,3,40,60	26.0,3,40,60	0.0,3,40,60	0.0,3,40,60	62.0,3,40,60	0.0,3,40,60	43.0,3,40,60	49.0,3,40,60	80.0,3,40,60	221.0,3,38,59	319.0,3,37,58	204.0,3,38,59	241.0,3,38,59	370.0,3,37,58	566.0,4,35,57	635.0,4,34,56	725.0,4,33,56	675.0,4,34,56	599.0,4,35,57
0.0,3,40,60	0.0,3,40,60	0.0,3,40,60	0.0,3,40,60	0.0,3,40,60	0.0,3,40,60	0.0,3,40,60	0.0,3,40,60	0.0,3,40,60	0.0,3,40,60	0.0,3,40,60	0.0,3,40,60	0.0,3,40,60	0.0,3,40,60	0.0,3,40,60	0.0,3,40,60	0.0,3,40,60	0.0,3,40,60	0.0,3,40,60	0.0,3,40,60	6.0,3,40,60	7.0,3,40,60	4.0,3,40,60	11.0,3,40,60	4.0,3,40,60	12.0,3,40,60	55.0,3,40,60	88.0,3,40,60	99.0,3,40,60	115.0,3,39,60	106.0,3,39,60	59.0,3,40,60	27.0,3,40,60	88.0,3,40,60	29.0,3,40,60	89.0,3,40,60	99.0,3,40,60	116.0,3,39,60	112.0,3,39,60	107.0,3,39,60	113.0,3,39,60	43.0,3,40,60	16.0,3,40,60	0.0,3,40,60	17.0,3,40,60	0.0,3,40,60	82.0,3,40,60	170.0,3,39,59	111.0,3,39,60	99.0,3,40,60	120.0,3,39,60	252.0,3,38,59	209.0,3,38,59	193.0,3,39,59	340.0,3,37,58	444.0,3,36,58	569.0,4,35,57	600.0,4,34,56	494.0,3,36,57	393.0,3,37,58
0.0,3,40,60	0.0,3,40,60	0.0,3,40,60	0.0,3,40,60	0.0,3,40,60	0.0,3,40,60	0.0,3,40,60	0.0,3,40,60	0.0,3,40,60	0.0,3,40,60	0.0,3,40,60	0.0,3,40,60	0.0,3,40,60	0.0,3,40,60	0.0,3,40,60	0.0,3,40,60	0.0,3,40,60	0.0,3,40,60	84.0,3,40,60	35.0,3,40,60	0.0,3,40,60	0.0,3,40,60	0.0,3,40,60	0.0,3,40,60	0.0,3,40,60	0.0,3,40,60	0.0,3,40,60	26.0,3,40,60	52.0,3,40,60	66.0,3,40,60	8.0,3,40,60	11.0,3,40,60	9.0,3,40,60	12.0,3,40,60	29.0,3,40,60	21.0,3,40,60	21.0,3,40,60	21.0,3,40,60	84.0,3,40,60	88.0,3,40,60	94.0,3,40,60	48.0,3,40,60	0.0,3,40,60	0.0,3,40,60	15.0,3,40,60	142.0,3,39,60	196.0,3,39,59	256.0,3,38,59	139.0,3,39,60	56.0,3,40,60	76.0,3,40,60	93.0,3,40,60	157.0,3,39,59	178.0,3,39,59	206.0,3,38,59	387.0,3,37,58	372.0,3,37,58	355.0,3,37,58	314.0,3,37,58	349.0,3,37,58
0.0,3,40,60	0.0,3,40,60	0.0,3,40,60	0.0,3,40,60	0.0,3,40,60	0.0,3,40,60	0.0,3,40,60	0.0,3,40,60	0.0,3,40,60	0.0,3,40,60	0.0,3,40,60	0.0,3,40,60	0.0,3,40,60	0.0,3,40,60	0.0,3,40,60	0.0,3,40,60	0.0,3,40,60	19.0,3,40,60	45.0,3,40,60	14.0,3,40,60	0.0,3,40,60	0.0,3,40,60	0.0,3,40,60	0.0,3,40,60	0.0,3,40,60	0.0,3,40,60	0.0,3,40,60	0.0,3,40,60	0.0,3,40,60	0.0,3,40,60	7.0,3,40,60	4.0,3,40,60	9.0,3,40,60	6.0,3,40,60	7.0,3,40,60	4.0,3,40,60	0.0,3,40,60	0.0,3,40,60	0.0,3,40,60	5.0,3,40,60	20.0,3,40,60	17.0,3,40,60	0.0,3,40,60	0.0,3,40,60	35.0,3,40,60	257.0,3,38,59	237.0,3,38,59	141.0,3,39,60	126.0,3,39,60	48.0,3,40,60	20.0,3,40,60	70.0,3,40,60	114.0,3,39,60	210.0,3,38,59	227.0,3,38,59	275.0,3,38,59	309.0,3,37,58	288.0,3,38,59	263.0,3,38,59	250.0,3,38,59
0.0,3,40,60	0.0,3,40,60	0.0,3,40,60	0.0,3,40,60	0.0,3,40,60	0.0,3,40,60	0.0,3,40,60	0.0,3,40,60	0.0,3,40,60	0.0,3,40,60	0.0,3,40,60	0.0,3,40,60	0.0,3,40,60	0.0,3,40,60	0.0,3,40,60	0.0,3,40,60	0.0,3,40,60	0.0,3,40,60	20.0,3,40,60	-2.0,3,40,60	0.0,3,40,60	0.0,3,40,60	0.0,3,40,60	0.0,3,40,60	0.0,3,40,60	0.0,3,40,60	0.0,3,40,60	0.0,3,40,60	0.0,3,40,60	0.0,3,40,60	0.0,3,40,60	0.0,3,40,60	0.0,3,40,60	0.0,3,40,60	0.0,3,40,60	0.0,3,40,60	0.0,3,40,60	0.0,3,40,60	0.0,3,40,60	0.0,3,40,60	0.0,3,40,60	0.0,3,40,60	0.0,3,40,60	0.0,3,40,60	0.0,3,40,60	99.0,3,40,60	87.0,3,40,60	55.0,3,40,60	0.0,3,40,60	0.0,3,40,60	0.0,3,40,60	0.0,3,40,60	54.0,3,40,60	146.0,3,39,60	171.0,3,39,59	175.0,3,39,59	205.0,3,38,59	210.0,3,38,59	200.0,3,38,59	132.0,3,39,60
0.0,3,40,60	0.0,3,40,60	0.0,3,40,60	0.0,3,40,60	0.0,3,40,60	0.0,3,40,60	0.0,3,40,60	0.0,3,40,60	0.0,3,40,60	0.0,3,40,60	0.0,3,40,60	0.0,3,40,60	0.0,3,40,60	0.0,3,40,60	0.0,3,40,60	0.0,3,40,60	0.0,3,40,60	0.0,3,40,60	5.0,3,40,60	22.0,3,40,60	13.0,3,40,60	0.0,3,40,60	0.0,3,40,60	0.0,3,40,60	0.0,3,40,60	0.0,3,40,60	0.0,3,40,60	0.0,3,40,60	0.0,3,40,60	29.0,3,40,60	23.0,3,40,60	4.0,3,40,60	30.0,3,40,60	87.0,3,40,60	58.0,3,40,60	13.0,3,40,60	65.0,3,40,60	131.0,3,39,60	25.0,3,40,60	0.0,3,40,60	0.0,3,40,60	0.0,3,40,60	0.0,3,40,60	36.0,3,40,60	13.0,3,40,60	0.0,3,40,60	0.0,3,40,60	0.0,3,40,60	22.0,3,40,60	17.0,3,40,60	51.0,3,40,60	0.0,3,40,60	0.0,3,40,60	7.0,3,40,60	44.0,3,40,60	97.0,3,40,60	131.0,3,39,60	124.0,3,39,60	122.0,3,39,60	78.0,3,40,60
0.0,3,40,60	0.0,3,40,60	0.0,3,40,60	0.0,3,40,60	0.0,3,40,60	0.0,3,40,60	0.0,3,40,60	0.0,3,40,60	0.0,3,40,60	0.0,3,40,60	0.0,3,40,60	0.0,3,40,60	0.0,3,40,60	0.0,3,40,60	0.0,3,40,60	0.0,3,40,60	0.0,3,40,60	0.0,3,40,60	0.0,3,40,60	27.0,3,40,60	42.0,3,40,60	45.0,3,40,60	39.0,3,40,60	12.0,3,40,60	20.0,3,40,60	13.0,3,40,60	9.0,3,40,60	9.0,3,40,60	25.0,3,40,60	44.0,3,40,60	52.0,3,40,60	40.0,3,40,60	58.0,3,40,60	99.0,3,40,60	91.0,3,40,60	78.0,3,40,60	92.0,3,40,60	152.0,3,39,59	123.0,3,39,60	93.0,3,40,60	84.0,3,40,60	106.0,3,39,60	205.0,3,38,59	280.0,3,38,59	320.0,3,37,58	290.0,3,38,59	312.0,3,37,58	215.0,3,38,59	130.0,3,39,60	123.0,3,39,60	111.0,3,39,60	56.0,3,40,60	0.0,3,40,60	0.0,3,40,60	0.0,3,40,60	13.0,3,40,60	19.0,3,40,60	21.0,3,40,60	23.0,3,40,60	23.0,3,40,60
0.0,3,40,60	0.0,3,40,60	0.0,3,40,60	0.0,3,40,60	0.0,3,40,60	0.0,3,40,60	58.0,3,40,60	82.0,3,40,60	59.0,3,40,60	38.0,3,40,60	11.0,3,40,60	0.0,3,40,60	0.0,3,40,60	0.0,3,40,60	0.0,3,40,60	0.0,3,40,60	0.0,3,40,60	0.0,3,40,60	13.0,3,40,60	0.0,3,40,60	33.0,3,40,60	18.0,3,40,60	9.0,3,40,60	-2.0,3,40,60	5.0,3,40,60	9.0,3,40,60	7.0,3,40,60	26.0,3,40,60	52.0,3,40,60	42.0,3,40,60	42.0,3,40,60	37.0,3,40,60	31.0,3,40,60	53.0,3,40,60	78.0,3,40,60	79.0,3,40,60	78.0,3,40,60	73.0,3,40,60	114.0,3,39,60	102.0,3,39,60	95.0,3,40,60	106.0,3,39,60	163.0,3,39,59	252.0,3,38,59	291.0,3,38,59	332.0,3,37,58	337.0,3,37,58	298.0,3,38,59	149.0,3,39,60	144.0,3,39,60	117.0,3,39,60	39.0,3,40,60	35.0,3,40,60	28.0,3,40,60	19.0,3,40,60	28.0,3,40,60	28.0,3,40,60	33.0,3,40,60	37.0,3,40,60	19.0,3,40,60
0.0,3,40,60	0.0,3,40,60	0.0,3,40,60	0.0,3,40,60	0.0,3,40,60	80.0,3,40,60	97.0,3,40,60	88.0,3,40,60	106.0,3,39,60	104.0,3,39,60	92.0,3,40,60	52.0,3,40,60	19.0,3,40,60	8.0,3,40,60	20.0,3,40,60	17.0,3,40,60	36.0,3,40,60	36.0,3,40,60	11.0,3,40,60	13.0,3,40,60	0.0,3,40,60	0.0,3,40,60	4.0,3,40,60	4.0,3,40,60	2.0,3,40,60	5.0,3,40,60	5.0,3,40,60	40.0,3,40,60	52.0,3,40,60	63.0,3,40,60	63.0,3,40,60	45.0,3,40,60	23.0,3,40,60	27.0,3,40,60	57.0,3,40,60	54.0,3,40,60	75.0,3,40,60	55.0,3,40,60	69.0,3,40,60	82.0,3,40,60	86.0,3,40,60	92.0,3,40,60	98.0,3,40,60	127.0,3,39,60	172.0,3,39,59	231.0,3,38,59	238.0,3,38,59	126.0,3,39,60	120.0,3,39,60	127.0,3,39,60	129.0,3,39,60	159.0,3,39,59	149.0,3,39,60	131.0,3,39,60	136.0,3,39,60	109.0,3,39,60	136.0,3,39,60	116.0,3,39,60	110.0,3,39,60	27.0,3,40,60
0.0,3,40,60	0.0,3,40,60	0.0,3,40,60	0.0,3,40,60	0.0,3,40,60	84.0,3,40,60	96.0,3,40,60	100.0,3,39,60	107.0,3,39,60	102.0,3,39,60	94.0,3,40,60	78.0,3,40,60	66.0,3,40,60	43.0,3,40,60	20.0,3,40,60	22.0,3,40,60	29.0,3,40,60	38.0,3,40,60	40.0,3,40,60	46.0,3,40,60	51.0,3,40,60	42.0,3,40,60	24.0,3,40,60	28.0,3,40,60	35.0,3,40,60	44.0,3,40,60	18.0,3,40,60	31.0,3,40,60	46.0,3,40,60	49.0,3,40,60	57.0,3,40,60	56.0,3,40,60	23.0,3,40,60	19.0,3,40,60	18.0,3,40,60	27.0,3,40,60	19.0,3,40,60	22.0,3,40,60	19.0,3,40,60	42.0,3,40,60	75.0,3,40,60	80.0,3,40,60	89.0,3,40,60	95.0,3,40,60	115.0,3,39,60	119.0,3,39,60	110.0,3,39,60	73.0,3,40,60	93.0,3,40,60	120.0,3,39,60	129.0,3,39,60	151.0,3,39,59	154.0,3,39,59	165.0,3,39,59	166.0,3,39,59	167.0,3,39,59	172.0,3,39,59	176.0,3,39,59	135.0,3,39,60	37.0,3,40,60
0.0,3,40,60	0.0,3,40,60	0.0,3,40,60	0.0,3,40,60	0.0,3,40,60	0.0,3,40,60	77.0,3,40,60	88.0,3,40,60	112.0,3,39,60	112.0,3,39,60	125.0,3,39,60	111.0,3,39,60	86.0,3,40,60	84.0,3,40,60	66.0,3,40,60	25.0,3,40,60	24.0,3,40,60	38.0,3,40,60	65.0,3,40,60	81.0,3,40,60	76.0,3,40,60	54.0,3,40,60	62.0,3,40,60	61.0,3,40,60	51.0,3,40,60	52.0,3,40,60	52.0,3,40,60	50.0,3,40,60	33.0,3,40,60	35.0,3,40,60	44.0,3,40,60	55.0,3,40,60	60.0,3,40,60	62.0,3,40,60	40.0,3,40,60	26.0,3,40,60	39.0,3,40,60	50.0,3,40,60	25.0,3,40,60	25.0,3,40,60	24.0,3,40,60	41.0,3,40,60	40.0,3,40,60	64.0,3,40,60	57.0,3,40,60	44.0,3,40,60	41.0,3,40,60	58.0,3,40,60	90.0,3,40,60	115.0,3,39,60	162.0,3,39,59	145.0,3,39,60	151.0,3,39,59	156.0,3,39,59	158.0,3,39,59	159.0,3,39,59	177.0,3,39,59	186.0,3,39,59	126.0,3,39,60	32.0,3,40,60
0.0,3,40,60	0.0,3,40,60	0.0,3,40,60	0.0,3,40,60	0.0,3,40,60	0.0,3,40,60	0.0,3,40,60	75.0,3,40,60	77.0,3,40,60	88.0,3,40,60	79.0,3,40,60	83.0,3,40,60	81.0,3,40,60	83.0,3,40,60	83.0,3,40,60	64.0,3,40,60	30.0,3,40,60	36.0,3,40,60	77.0,3,40,60	84.0,3,40,60	72.0,3,40,60	72.0,3,40,60	70.0,3,40,60	74.0,3,40,60	64.0,3,40,60	63.0,3,40,60	57.0,3,40,60	59.0,3,40,60	66.0,3,40,60	62.0,3,40,60	80.0,3,40,60	85.0,3,40,60	93.0,3,40,60	89.0,3,40,60	77.0,3,40,60	37.0,3,40,60	49.0,3,40,60	67.0,3,40,60	59.0,3,40,60	21.0,3,40,60	15.0,3,40,60	23.0,3,40,60	34.0,3,40,60	26.0,3,40,60	28.0,3,40,60	19.0,3,40,60	25.0,3,40,60	58.0,3,40,60	58.0,3,40,60	89.0,3,40,60	123.0,3,39,60	132.0,3,39,60	121.0,3,39,60	126.0,3,39,60	135.0,3,39,60	140.0,3,39,60	150.0,3,39,59	143.0,3,39,60	84.0,3,40,60	7.0,3,40,60
0.0,3,40,60	0.0,3,40,60	0.0,3,40,60	0.0,3,40,60	0.0,3,40,60	0.0,3,40,60	0.0,3,40,60	1.0,3,40,60	43.0,3,40,60	67.0,3,40,60	76.0,3,40,60	61.0,3,40,60	76.0,3,40,60	81.0,3,40,60	85.0,3,40,60	73.0,3,40,60	77.0,3,40,60	41.0,3,40,60	65.0,3,40,60	95.0,3,40,60	79.0,3,40,60	84.0,3,40,60	118.0,3,39,60	77.0,3,40,60	76.0,3,40,60	65.0,3,40,60	69.0,3,40,60	71.0,3,40,60	82.0,3,40,60	91.0,3,40,60	89.0,3,40,60	105.0,3,39,60	109.0,3,39,60	92.0,3,40,60	74.0,3,40,60	58.0,3,40,60	38.0,3,40,60	36.0,3,40,60	37.0,3,40,60	34.0,3,40,60	15.0,3,40,60	9.0,3,40,60	9.0,3,40,60	12.0,3,40,60	12.0,3,40,60	19.0,3,40,60	33.0,3,40,60	36.0,3,40,60	34.0,3,40,60	51.0,3,40,60	79.0,3,40,60	80.0,3,40,60	59.0,3,40,60	54.0,3,40,60	91.0,3,40,60	114.0,3,39,60	109.0,3,39,60	82.0,3,40,60	10.0,3,40,60	10.0,3,40,60
0.0,3,40,60	0.0,3,40,60	0.0,3,40,60	0.0,3,40,60	0.0,3,40,60	0.0,3,40,60	0.0,3,40,60	0.0,3,40,60	0.0,3,40,60	0.0,3,40,60	35.0,3,40,60	43.0,3,40,60	42.0,3,40,60	40.0,3,40,60	53.0,3,40,60	72.0,3,40,60	70.0,3,40,60	75.0,3,40,60	100.0,3,39,60	106.0,3,39,60	96.0,3,40,60	95.0,3,40,60	97.0,3,40,60	89.0,3,40,60	89.0,3,40,60	86.0,3,40,60	101.0,3,39,60	96.0,3,40,60	92.0,3,40,60	97.0,3,40,60	91.0,3,40,60	91.0,3,40,60	100.0,3,39,60	104.0,3,39,60	107.0,3,39,60	102.0,3,39,60	71.0,3,40,60	23.0,3,40,60	21.0,3,40,60	20.0,3,40,60	39.0,3,40,60	44.0,3,40,60	33.0,3,40,60	31.0,3,40,60	28.0,3,40,60	74.0,3,40,60	94.0,3,40,60	81.0,3,40,60	20.0,3,40,60	10.0,3,40,60	26.0,3,40,60	10.0,3,40,60	6.0,3,40,60	8.0,3,40,60	36.0,3,40,60	90.0,3,40,60	14.0,3,40,60	7.0,3,40,60	3.0,3,40,60	2.0,3,40,60
0.0,3,40,60	0.0,3,40,60	0.0,3,40,60	0.0,3,40,60	0.0,3,40,60	0.0,3,40,60	0.0,3,40,60	0.0,3,40,60	0.0,3,40,60	0.0,3,40,60	2.0,3,40,60	1.0,3,40,60	10.0,3,40,60	12.0,3,40,60	8.0,3,40,60	29.0,3,40,60	56.0,3,40,60	66.0,3,40,60	80.0,3,40,60	89.0,3,40,60	94.0,3,40,60	92.0,3,40,60	78.0,3,40,60	73.0,3,40,60	86.0,3,40,60	93.0,3,40,60	90.0,3,40,60	97.0,3,40,60	101.0,3,39,60	96.0,3,40,60	95.0,3,40,60	108.0,3,39,60	121.0,3,39,60	143.0,3,39,60	138.0,3,39,60	135.0,3,39,60	137.0,3,39,60	119.0,3,39,60	101.0,3,39,60	93.0,3,40,60	113.0,3,39,60	125.0,3,39,60	117.0,3,39,60	115.0,3,39,60	113.0,3,39,60	110.0,3,39,60	124.0,3,39,60	101.0,3,39,60	43.0,3,40,60	5.0,3,40,60	4.0,3,40,60	6.0,3,40,60	5.0,3,40,60	9.0,3,40,60	13.0,3,40,60	7.0,3,40,60	5.0,3,40,60	9.0,3,40,60	5.0,3,40,60	14.0,3,40,60
0.0,3,40,60	0.0,3,40,60	0.0,3,40,60	0.0,3,40,60	0.0,3,40,60	0.0,3,40,60	0.0,3,40,60	0.0,3,40,60	0.0,3,40,60	0.0,3,40,60	1.0,3,40,60	0.0,3,40,60	0.0,3,40,60	6.0,3,40,60	6.0,3,40,60	4.0,3,40,60	6.0,3,40,60	42.0,3,40,60	61.0,3,40,60	76.0,3,40,60	82.0,3,40,60	72.0,3,40,60	64.0,3,40,60	59.0,3,40,60	60.0,3,40,60	81.0,3,40,60	75.0,3,40,60	87.0,3,40,60	98.0,3,40,60	102.0,3,39,60	100.0,3,39,60	107.0,3,39,60	115.0,3,39,60	121.0,3,39,60	133.0,3,39,60	134.0,3,39,60	133.0,3,39,60	136.0,3,39,60	128.0,3,39,60	127.0,3,39,60	129.0,3,39,60	125.0,3,39,60	130.0,3,39,60	124.0,3,39,60	107.0,3,39,60	75.0,3,40,60	75.0,3,40,60	68.0,3,40,60	13.0,3,40,60	2.0,3,40,60	1.0,3,40,60	1.0,3,40,60	1.0,3,40,60	1.0,3,40,60	2.0,3,40,60	6.0,3,40,60	6.0,3,40,60	1.0,3,40,60	1.0,3,40,60	1.0,3,40,60
0.0,3,40,60	0.0,3,40,60	0.0,3,40,60	0.0,3,40,60	0.0,3,40,60	0.0,3,40,60	0.0,3,40,60	0.0,3,40,60	0.0,3,40,60	0.0,3,40,60	1.0,3,40,60	0.0,3,40,60	1.0,3,40,60	2.0,3,40,60	0.0,3,40,60	0.0,3,40,60	5.0,3,40,60	31.0,3,40,60	48.0,3,40,60	57.0,3,40,60	56.0,3,40,60	46.0,3,40,60	33.0,3,40,60	32.0,3,40,60	36.0,3,40,60	57.0,3,40,60	56.0,3,40,60	59.0,3,40,60	88.0,3,40,60	88.0,3,40,60	86.0,3,40,60	86.0,3,40,60	105.0,3,39,60	94.0,3,40,60	98.0,3,40,60	109.0,3,39,60	114.0,3,39,60	121.0,3,39,60	120.0,3,39,60	117.0,3,39,60	108.0,3,39,60	102.0,3,39,60	101.0,3,39,60	98.0,3,40,60	97.0,3,40,60	102.0,3,39,60	113.0,3,39,60	61.0,3,40,60	0.0,3,40,60	1.0,3,40,60	1.0,3,40,60	4.0,3,40,60	5.0,3,40,60	6.0,3,40,60	5.0,3,40,60	5.0,3,40,60	5.0,3,40,60	6.0,3,40,60	9.0,3,40,60	1.0,3,40,60
0.0,3,40,60	0.0,3,40,60	0.0,3,40,60	0.0,3,40,60	0.0,3,40,60	0.0,3,40,60	2.0,3,40,60	0.0,3,40,60	0.0,3,40,60	0.0,3,40,60	0.0,3,40,60	0.0,3,40,60	1.0,3,40,60	1.0,3,40,60	-1.0,3,40,60	2.0,3,40,60	3.0,3,40,60	0.0,3,40,60	23.0,3,40,60	31.0,3,40,60	30.0,3,40,60	26.0,3,40,60	6.0,3,40,60	5.0,3,40,60	4.0,3,40,60	5.0,3,40,60	9.0,3,40,60	9.0,3,40,60	41.0,3,40,60	48.0,3,40,60	51.0,3,40,60	59.0,3,40,60	57.0,3,40,60	39.0,3,40,60	24.0,3,40,60	36.0,3,40,60	52.0,3,40,60	67.0,3,40,60	76.0,3,40,60	64.0,3,40,60	94.0,3,40,60	93.0,3,40,60	98.0,3,40,60	84.0,3,40,60	78.0,3,40,60	93.0,3,40,60	84.0,3,40,60	50.0,3,40,60	1.0,3,40,60	4.0,3,40,60	3.0,3,40,60	5.0,3,40,60	8.0,3,40,60	12.0,3,40,60	61.0,3,40,60	84.0,3,40,60	85.0,3,40,60	82.0,3,40,60	44.0,3,40,60	42.0,3,40,60
0.0,3,40,60	0.0,3,40,60	0.0,3,40,60	0.0,3,40,60	0.0,3,40,60	0.0,3,40,60	0.0,3,40,60	0.0,3,40,60	0.0,3,40,60	0.0,3,40,60	0.0,3,40,60	2.0,3,40,60	0.0,3,40,60	1.0,3,40,60	-4.0,3,40,60	-1.0,3,40,60	5.0,3,40,60	2.0,3,40,60	3.0,3,40,60	0.0,3,40,60	2.0,3,40,60	0.0,3,40,60	0.0,3,40,60	0.0,3,40,60	3.0,3,40,60	3.0,3,40,60	-1.0,3,40,60	2.0,3,40,60	3.0,3,40,60	3.0,3,40,60	3.0,3,40,60	5.0,3,40,60	1.0,3,40,60	8.0,3,40,60	5.0,3,40,60	5.0,3,40,60	6.0,3,40,60	5.0,3,40,60	7.0,3,40,60	4.0,3,40,60	25.0,3,40,60	68.0,3,40,60	38.0,3,40,60	6.0,3,40,60	5.0,3,40,60	9.0,3,40,60	4.0,3,40,60	1.0,3,40,60	4.0,3,40,60	4.0,3,40,60	3.0,3,40,60	41.0,3,40,60	74.0,3,40,60	72.0,3,40,60	97.0,3,40,60	110.0,3,39,60	114.0,3,39,60	101.0,3,39,60	87.0,3,40,60	97.0,3,40,60
0.0,3,40,60	0.0,3,40,60	0.0,3,40,60	0.0,3,40,60	0.0,3,40,60	0.0,3,40,60	0.0,3,40,60	0.0,3,40,60	0.0,3,40,60	0.0,3,40,60	0.0,3,40,60	3.0,3,40,60	2.0,3,40,60	0.0,3,40,60	9.0,3,40,60	3.0,3,40,60	2.0,3,40,60	5.0,3,40,60	1.0,3,40,60	0.0,3,40,60	3.0,3,40,60	6.0,3,40,60	3.0,3,40,60	2.0,3,40,60	2.0,3,40,60	2.0,3,40,60	5.0,3,40,60	3.0,3,40,60	1.0,3,40,60	3.0,3,40,60	2.0,3,40,60	0.0,3,40,60	1.0,3,40,60	4.0,3,40,60	3.0,3,40,60	5.0,3,40,60	4.0,3,40,60	2.0,3,40,60	2.0,3,40,60	6.0,3,40,60	2.0,3,40,60	4.0,3,40,60	6.0,3,40,60	1.0,3,40,60	4.0,3,40,60	1.0,3,40,60	1.0,3,40,60	9.0,3,40,60	3.0,3,40,60	4.0,3,40,60	20.0,3,40,60	89.0,3,40,60	90.0,3,40,60	83.0,3,40,60	96.0,3,40,60	109.0,3,39,60	108.0,3,39,60	112.0,3,39,60	105.0,3,39,60	81.0,3,40,60
0.0,3,40,60	0.0,3,40,60	0.0,3,40,60	0.0,3,40,60	0.0,3,40,60	0.0,3,40,60	0.0,3,40,60	0.0,3,40,60	0.0,3,40,60	0.0,3,40,60	0.0,3,40,60	1.0,3,40,60	2.0,3,40,60	3.0,3,40,60	-1.0,3,40,60	3.0,3,40,60	8.0,3,40,60	3.0,3,40,60	3.0,3,40,60	0.0,3,40,60	2.0,3,40,60	4.0,3,40,60	4.0,3,40,60	5.0,3,40,60	1.0,3,40,60	1.0,3,40,60	4.0,3,40,60	3.0,3,40,60	1.0,3,40,60	1.0,3,40,60	3.0,3,40,60	0.0,3,40,60	1.0,3,40,60	2.0,3,40,60	0.0,3,40,60	3.0,3,40,60	3.0,3,40,60	2.0,3,40,60	1.0,3,40,60	5.0,3,40,60	1.0,3,40,60	6.0,3,40,60	4.0,3,40,60	3.0,3,40,60	2.0,3,40,60	1.0,3,40,60	4.0,3,40,60	5.0,3,40,60	7.0,3,40,60	17.0,3,40,60	72.0,3,40,60	87.0,3,40,60	97.0,3,40,60	91.0,3,40,60	82.0,3,40,60	103.0,3,39,60	110.0,3,39,60	115.0,3,39,60	98.0,3,40,60	93.0,3,40,60
0.0,3,40,60	0.0,3,40,60	0.0,3,40,60	0.0,3,40,60	0.0,3,40,60	0.0,3,40,60	0.0,3,40,60	0.0,3,40,60	0.0,3,40,60	0.0,3,40,60	0.0,3,40,60	0.0,3,40,60	2.0,3,40,60	0.0,3,40,60	2.0,3,40,60	9.0,3,40,60	3.0,3,40,60	2.0,3,40,60	5.0,3,40,60	6.0,3,40,60	3.0,3,40,60	3.0,3,40,60	4.0,3,40,60	3.0,3,40,60	4.0,3,40,60	5.0,3,40,60	4.0,3,40,60	5.0,3,40,60	0.0,3,40,60	0.0,3,40,60	1.0,3,40,60	0.0,3,40,60	0.0,3,40,60	2.0,3,40,60	1.0,3,40,60	3.0,3,40,60	10.0,3,40,60	0.0,3,40,60	6.0,3,40,60	0.0,3,40,60	6.0,3,40,60	2.0,3,40,60	-1.0,3,40,60	1.0,3,40,60	6.0,3,40,60	0.0,3,40,60	5.0,3,40,60	58.0,3,40,60	69.0,3,40,60	83.0,3,40,60	82.0,3,40,60	73.0,3,40,60	93.0,3,40,60	81.0,3,40,60	82.0,3,40,60	97.0,3,40,60	119.0,3,39,60	112.0,3,39,60	102.0,3,39,60	96.0,3,40,60
0.0,3,40,60	0.0,3,40,60	0.0,3,40,60	0.0,3,40,60	0.0,3,40,60	0.0,3,40,60	0.0,3,40,60	0.0,3,40,60	0.0,3,40,60	0.0,3,40,60	0.0,3,40,60	0.0,3,40,60	6.0,3,40,60	6.0,3,40,60	6.0,3,40,60	5.0,3,40,60	1.0,3,40,60	3.0,3,40,60	4.0,3,40,60	3.0,3,40,60	6.0,3,40,60	1.0,3,40,60	2.0,3,40,60	3.0,3,40,60	8.0,3,40,60	12.0,3,40,60	3.0,3,40,60	4.0,3,40,60	4.0,3,40,60	0.0,3,40,60	2.0,3,40,60	1.0,3,40,60	0.0,3,40,60	0.0,3,40,60	3.0,3,40,60	2.0,3,40,60	0.0,3,40,60	3.0,3,40,60	5.0,3,40,60	4.0,3,40,60	1.0,3,40,60	9.0,3,40,60	4.0,3,40,60	4.0,3,40,60	0.0,3,40,60	2.0,3,40,60	68.0,3,40,60	98.0,3,40,60	98.0,3,40,60	99.0,3,40,60	98.0,3,40,60	88.0,3,40,60	85.0,3,40,60	71.0,3,40,60	63.0,3,40,60	76.0,3,40,60	110.0,3,39,60	116.0,3,39,60	99.0,3,40,60	96.0,3,40,60
0.0,3,40,60	0.0,3,40,60	0.0,3,40,60	0.0,3,40,60	0.0,3,40,60	0.0,3,40,60	0.0,3,40,60	0.0,3,40,60	0.0,3,40,60	0.0,3,40,60	0.0,3,40,60	0.0,3,40,60	4.0,3,40,60	5.0,3,40,60	5.0,3,40,60	3.0,3,40,60	3.0,3,40,60	3.0,3,40,60	7.0,3,40,60	9.0,3,40,60	5.0,3,40,60	7.0,3,40,60	6.0,3,40,60	4.0,3,40,60	4.0,3,40,60	7.0,3,40,60	2.0,3,40,60	4.0,3,40,60	0.0,3,40,60	1.0,3,40,60	0.0,3,40,60	2.0,3,40,60	1.0,3,40,60	-1.0,3,40,60	1.0,3,40,60	2.0,3,40,60	8.0,3,40,60	5.0,3,40,60	9.0,3,40,60	2.0,3,40,60	6.0,3,40,60	5.0,3,40,60	9.0,3,40,60	7.0,3,40,60	1.0,3,40,60	59.0,3,40,60	89.0,3,40,60	104.0,3,39,60	100.0,3,39,60	105.0,3,39,60	89.0,3,40,60	81.0,3,40,60	66.0,3,40,60	58.0,3,40,60	54.0,3,40,60	60.0,3,40,60	74.0,3,40,60	83.0,3,40,60	91.0,3,40,60	94.0,3,40,60
0.0,3,40,60	0.0,3,40,60	0.0,3,40,60	0.0,3,40,60	0.0,3,40,60	0.0,3,40,60	0.0,3,40,60	0.0,3,40,60	0.0,3,40,60	0.0,3,40,60	0.0,3,40,60	0.0,3,40,60	6.0,3,40,60	5.0,3,40,60	4.0,3,40,60	4.0,3,40,60	2.0,3,40,60	4.0,3,40,60	11.0,3,40,60	3.0,3,40,60	8.0,3,40,60	6.0,3,40,60	6.0,3,40,60	6.0,3,40,60	5.0,3,40,60	7.0,3,40,60	4.0,3,40,60	3.0,3,40,60	2.0,3,40,60	2.0,3,40,60	2.0,3,40,60	4.0,3,40,60	5.0,3,40,60	1.0,3,40,60	1.0,3,40,60	3.0,3,40,60	7.0,3,40,60	0.0,3,40,60	7.0,3,40,60	6.0,3,40,60	11.0,3,40,60	6.0,3,40,60	-7.0,3,40,60	6.0,3,40,60	57.0,3,40,60	70.0,3,40,60	98.0,3,40,60	114.0,3,39,60	102.0,3,39,60	91.0,3,40,60	86.0,3,40,60	73.0,3,40,60	57.0,3,40,60	46.0,3,40,60	35.0,3,40,60	51.0,3,40,60	62.0,3,40,60	62.0,3,40,60	73.0,3,40,60	92.0,3,40,60
0.0,3,40,60	0.0,3,40,60	0.0,3,40,60	0.0,3,40,60	0.0,3,40,60	0.0,3,40,60	0.0,3,40,60	0.0,3,40,60	0.0,3,40,60	0.0,3,40,60	0.0,3,40,60	0.0,3,40,60	2.0,3,40,60	5.0,3,40,60	5.0,3,40,60	6.0,3,40,60	4.0,3,40,60	4.0,3,40,60	3.0,3,40,60	2.0,3,40,60	5.0,3,40,60	4.0,3,40,60	5.0,3,40,60	6.0,3,40,60	3.0,3,40,60	6.0,3,40,60	3.0,3,40,60	4.0,3,40,60	3.0,3,40,60	6.0,3,40,60	5.0,3,40,60	2.0,3,40,60	3.0,3,40,60	5.0,3,40,60	2.0,3,40,60	1.0,3,40,60	1.0,3,40,60	1.0,3,40,60	-7.0,3,40,60	2.0,3,40,60	1.0,3,40,60	1.0,3,40,60	2.0,3,40,60	39.0,3,40,60	60.0,3,40,60	78.0,3,40,60	98.0,3,40,60	108.0,3,39,60	102.0,3,39,60	93.0,3,40,60	84.0,3,40,60	77.0,3,40,60	60.0,3,40,60	50.0,3,40,60	30.0,3,40,60	35.0,3,40,60	50.0,3,40,60	46.0,3,40,60	43.0,3,40,60	71.0,3,40,60
0.0,3,40,60	0.0,3,40,60	0.0,3,40,60	0.0,3,40,60	0.0,3,40,60	0.0,3,40,60	0.0,3,40,60	0.0,3,40,60	0.0,3,40,60	0.0,3,40,60	0.0,3,40,60	0.0,3,40,60	4.0,3,40,60	3.0,3,40,60	5.0,3,40,60	5.0,3,40,60	4.0,3,40,60	3.0,3,40,60	0.0,3,40,60	5.0,3,40,60	3.0,3,40,60	2.0,3,40,60	2.0,3,40,60	2.0,3,40,60	3.0,3,40,60	2.0,3,40,60	6.0,3,40,60	2.0,3,40,60	5.0,3,40,60	6.0,3,40,60	0.0,3,40,60	0.0,3,40,60	0.0,3,40,60	4.0,3,40,60	5.0,3,40,60	2.0,3,40,60	5.0,3,40,60	3.0,3,40,60	5.0,3,40,60	4.0,3,40,60	5.0,3,40,60	5.0,3,40,60	3.0,3,40,60	5.0,3,40,60	32.0,3,40,60	87.0,3,40,60	86.0,3,40,60	98.0,3,40,60	103.0,3,39,60	95.0,3,40,60	87.0,3,40,60	82.0,3,40,60	78.0,3,40,60	71.0,3,40,60	60.0,3,40,60	37.0,3,40,60	22.0,3,40,60	26.0,3,40,60	16.0,3,40,60	12.0,3,40,60
0.0,3,40,60	0.0,3,40,60	0.0,3,40,60	0.0,3,40,60	0.0,3,40,60	0.0,3,40,60	0.0,3,40,60	0.0,3,40,60	0.0,3,40,60	0.0,3,40,60	0.0,3,40,60	0.0,3,40,60	4.0,3,40,60	4.0,3,40,60	3.0,3,40,60	3.0,3,40,60	4.0,3,40,60	4.0,3,40,60	3.0,3,40,60	3.0,3,40,60	4.0,3,40,60	4.0,3,40,60	3.0,3,40,60	1.0,3,40,60	4.0,3,40,60	2.0,3,40,60	6.0,3,40,60	1.0,3,40,60	1.0,3,40,60	4.0,3,40,60	0.0,3,40,60	4.0,3,40,60	4.0,3,40,60	1.0,3,40,60	3.0,3,40,60	3.0,3,40,60	6.0,3,40,60	4.0,3,40,60	5.0,3,40,60	5.0,3,40,60	4.0,3,40,60	3.0,3,40,60	3.0,3,40,60	5.0,3,40,60	25.0,3,40,60	59.0,3,40,60	66.0,3,40,60	79.0,3,40,60	96.0,3,40,60	92.0,3,40,60	95.0,3,40,60	89.0,3,40,60	86.0,3,40,60	82.0,3,40,60	73.0,3,40,60	72.0,3,40,60	63.0,3,40,60	52.0,3,40,60	32.0,3,40,60	4.0,3,40,60
0.0,3,40,60	0.0,3,40,60	0.0,3,40,60	0.0,3,40,60	0.0,3,40,60	0.0,3,40,60	0.0,3,40,60	0.0,3,40,60	2.0,3,40,60	0.0,3,40,60	0.0,3,40,60	0.0,3,40,60	4.0,3,40,60	4.0,3,40,60	3.0,3,40,60	3.0,3,40,60	3.0,3,40,60	3.0,3,40,60	6.0,3,40,60	7.0,3,40,60	6.0,3,40,60	5.0,3,40,60	4.0,3,40,60	2.0,3,40,60	3.0,3,40,60	2.0,3,40,60	2.0,3,40,60	-1.0,3,40,60	3.0,3,40,60	0.0,3,40,60	0.0,3,40,60	2.0,3,40,60	6.0,3,40,60	6.0,3,40,60	2.0,3,40,60	3.0,3,40,60	3.0,3,40,60	4.0,3,40,60	3.0,3,40,60	3.0,3,40,60	5.0,3,40,60	4.0,3,40,60	4.0,3,40,60	4.0,3,40,60	7.0,3,40,60	28.0,3,40,60	67.0,3,40,60	74.0,3,40,60	81.0,3,40,60	83.0,3,40,60	91.0,3,40,60	91.0,3,40,60	84.0,3,40,60	79.0,3,40,60	73.0,3,40,60	76.0,3,40,60	75.0,3,40,60	71.0,3,40,60	49.0,3,40,60	9.0,3,40,60
0.0,3,40,60	0.0,3,40,60	0.0,3,40,60	0.0,3,40,60	0.0,3,40,60	0.0,3,40,60	1.0,3,40,60	0.0,3,40,60	0.0,3,40,60	0.0,3,40,60	0.0,3,40,60	1.0,3,40,60	2.0,3,40,60	2.0,3,40,60	1.0,3,40,60	2.0,3,40,60	3.0,3,40,60	3.0,3,40,60	3.0,3,40,60	2.0,3,40,60	1.0,3,40,60	4.0,3,40,60	2.0,3,40,60	1.0,3,40,60	4.0,3,40,60	1.0,3,40,60	2.0,3,40,60	3.0,3,40,60	0.0,3,40,60	1.0,3,40,60	1.0,3,40,60	2.0,3,40,60	2.0,3,40,60	1.0,3,40,60	1.0,3,40,60	2.0,3,40,60	3.0,3,40,60	4.0,3,40,60	3.0,3,40,60	4.0,3,40,60	4.0,3,40,60	5.0,3,40,60	6.0,3,40,60	5.0,3,40,60	10.0,3,40,60	34.0,3,40,60	70.0,3,40,60	74.0,3,40,60	77.0,3,40,60	76.0,3,40,60	91.0,3,40,60	91.0,3,40,60	91.0,3,40,60	76.0,3,40,60	64.0,3,40,60	64.0,3,40,60	59.0,3,40,60	59.0,3,40,60	46.0,3,40,60	10.0,3,40,60
0.0,3,40,60	0.0,3,40,60	0.0,3,40,60	0.0,3,40,60	0.0,3,40,60	0.0,3,40,60	0.0,3,40,60	0.0,3,40,60	0.0,3,40,60	0.0,3,40,60	0.0,3,40,60	-3.0,3,40,60	0.0,3,40,60	0.0,3,40,60	0.0,3,40,60	0.0,3,40,60	2.0,3,40,60	4.0,3,40,60	5.0,3,40,60	4.0,3,40,60	2.0,3,40,60	3.0,3,40,60	3.0,3,40,60	1.0,3,40,60	2.0,3,40,60	0.0,3,40,60	0.0,3,40,60	5.0,3,40,60	6.0,3,40,60	1.0,3,40,60	0.0,3,40,60	0.0,3,40,60	2.0,3,40,60	-1.0,3,40,60	4.0,3,40,60	3.0,3,40,60	3.0,3,40,60	2.0,3,40,60	4.0,3,40,60	4.0,3,40,60	4.0,3,40,60	6.0,3,40,60	7.0,3,40,60	9.0,3,40,60	6.0,3,40,60	28.0,3,40,60	56.0,3,40,60	84.0,3,40,60	82.0,3,40,60	85.0,3,40,60	98.0,3,40,60	102.0,3,39,60	95.0,3,40,60	69.0,3,40,60	51.0,3,40,60	39.0,3,40,60	30.0,3,40,60	21.0,3,40,60	19.0,3,40,60	7.0,3,40,60
0.0,3,40,60	0.0,3,40,60	0.0,3,40,60	0.0,3,40,60	0.0,3,40,60	0.0,3,40,60	0.0,3,40,60	0.0,3,40,60	0.0,3,40,60	0.0,3,40,60	0.0,3,40,60	2.0,3,40,60	0.0,3,40,60	0.0,3,40,60	0.0,3,40,60	0.0,3,40,60	0.0,3,40,60	0.0,3,40,60	2.0,3,40,60	2.0,3,40,60	2.0,3,40,60	7.0,3,40,60	3.0,3,40,60	0.0,3,40,60	0.0,3,40,60	7.0,3,40,60	0.0,3,40,60	2.0,3,40,60	13.0,3,40,60	6.0,3,40,60	0.0,3,40,60	0.0,3,40,60	4.0,3,40,60	4.0,3,40,60	2.0,3,40,60	2.0,3,40,60	4.0,3,40,60	3.0,3,40,60	5.0,3,40,60	5.0,3,40,60	4.0,3,40,60	6.0,3,40,60	7.0,3,40,60	5.0,3,40,60	2.0,3,40,60	4.0,3,40,60	10.0,3,40,60	69.0,3,40,60	70.0,3,40,60	71.0,3,40,60	92.0,3,40,60	104.0,3,39,60	103.0,3,39,60	94.0,3,40,60	78.0,3,40,60	56.0,3,40,60	66.0,3,40,60	64.0,3,40,60	66.0,3,40,60	31.0,3,40,60
0.0,3,40,60	0.0,3,40,60	0.0,3,40,60	0.0,3,40,60	0.0,3,40,60	0.0,3,40,60	0.0,3,40,60	0.0,3,40,60	0.0,3,40,60	0.0,3,40,60	0.0,3,40,60	0.0,3,40,60	0.0,3,40,60	4.0,3,40,60	1.0,3,40,60	10.0,3,40,60	0.0,3,40,60	0.0,3,40,60	0.0,3,40,60	0.0,3,40,60	0.0,3,40,60	0.0,3,40,60	0.0,3,40,60	1.0,3,40,60	0.0,3,40,60	0.0,3,40,60	2.0,3,40,60	1.0,3,40,60	-1.0,3,40,60	4.0,3,40,60	0.0,3,40,60	1.0,3,40,60	4.0,3,40,60	5.0,3,40,60	5.0,3,40,60	4.0,3,40,60	5.0,3,40,60	5.0,3,40,60	5.0,3,40,60	5.0,3,40,60	5.0,3,40,60	1.0,3,40,60	2.0,3,40,60	0.0,3,40,60	1.0,3,40,60	1.0,3,40,60	2.0,3,40,60	15.0,3,40,60	54.0,3,40,60	69.0,3,40,60	75.0,3,40,60	82.0,3,40,60	94.0,3,40,60	95.0,3,40,60	102.0,3,39,60	92.0,3,40,60	81.0,3,40,60	72.0,3,40,60	54.0,3,40,60	25.0,3,40,60
0.0,3,40,60	0.0,3,40,60	0.0,3,40,60	0.0,3,40,60	0.0,3,40,60	0.0,3,40,60	0.0,3,40,60	0.0,3,40,60	0.0,3,40,60	0.0,3,40,60	0.0,3,40,60	0.0,3,40,60	1.0,3,40,60	2.0,3,40,60	3.0,3,40,60	5.0,3,40,60	2.0,3,40,60	0.0,3,40,60	2.0,3,40,60	2.0,3,40,60	2.0,3,40,60	4.0,3,40,60	2.0,3,40,60	6.0,3,40,60	0.0,3,40,60	1.0,3,40,60	6.0,3,40,60	5.0,3,40,60	-1.0,3,40,60	1.0,3,40,60	2.0,3,40,60	0.0,3,40,60	5.0,3,40,60	10.0,3,40,60	12.0,3,40,60	8.0,3,40,60	8.0,3,40,60	8.0,3,40,60	-1.0,3,40,60	0.0,3,40,60	1.0,3,40,60	0.0,3,40,60	0.0,3,40,60	1.0,3,40,60	0.0,3,40,60	1.0,3,40,60	1.0,3,40,60	6.0,3,40,60	4.0,3,40,60	34.0,3,40,60	64.0,3,40,60	45.0,3,40,60	21.0,3,40,60	13.0,3,40,60	19.0,3,40,60	22.0,3,40,60	18.0,3,40,60	29.0,3,40,60	30.0,3,40,60	9.0,3,40,60
-data:
